1,2020,95890
1,2021,86479
1,2022,80635
1,2023,75677
1,2024,71098
1,2025,67016
1,2026,63386
1,2027,60086
1,2028,57028
1,2029,54132
1,2030,51578
1,2031,49205
1,2032,46985
1,2033,44706
1,2034,42687
1,2035,40830
1,2036,39011
1,2037,37292
1,2038,35591
1,2039,33935
1,2040,32456
1,2041,39657
1,2042,46556
1,2043,52863
1,2044,58576
1,2045,63887
1,2046,68949
1,2047,73722
1,2048,78413
1,2049,83241
1,2050,88054
2,2020,95606
2,2021,86290
2,2022,80528
2,2023,75511
2,2024,71047
2,2025,67062
2,2026,63423
2,2027,60081
2,2028,56937
2,2029,54110
2,2030,51504
2,2031,49099
2,2032,46869
2,2033,44729
2,2034,42688
2,2035,40812
2,2036,38961
2,2037,37205
2,2038,35599
2,2039,34024
2,2040,32542
2,2041,39772
2,2042,47015
2,2043,53497
2,2044,59141
2,2045,64184
2,2046,69088
2,2047,73928
2,2048,78672
2,2049,83320
2,2050,88190
3,2020,95789
3,2021,86562
3,2022,80765
3,2023,75627
3,2024,71250
3,2025,67170
3,2026,63587
3,2027,60194
3,2028,57245
3,2029,54506
3,2030,51879
3,2031,49556
3,2032,47375
3,2033,45201
3,2034,43184
3,2035,41281
3,2036,39503
3,2037,37703
3,2038,36023
3,2039,34350
3,2040,32778
3,2041,39979
3,2042,47124
3,2043,53371
3,2044,59005
3,2045,64216
3,2046,69063
3,2047,73865
3,2048,78750
3,2049,83432
3,2050,88189
4,2020,95606
4,2021,86290
4,2022,80528
4,2023,75511
4,2024,71047
4,2025,67062
4,2026,63423
4,2027,60081
4,2028,56937
4,2029,54110
4,2030,51504
4,2031,49099
4,2032,46869
4,2033,44729
4,2034,42688
4,2035,40812
4,2036,38961
4,2037,37205
4,2038,35599
4,2039,34024
4,2040,32542
4,2041,39772
4,2042,47015
4,2043,53497
4,2044,59141
4,2045,64184
4,2046,69088
4,2047,73928
4,2048,78672
4,2049,83320
4,2050,88190
5,2020,95606
5,2021,86290
5,2022,80528
5,2023,75511
5,2024,71047
5,2025,67062
5,2026,63423
5,2027,60081
5,2028,56937
5,2029,54110
5,2030,51504
5,2031,49099
5,2032,46869
5,2033,44729
5,2034,42688
5,2035,40812
5,2036,38961
5,2037,37205
5,2038,35599
5,2039,34024
5,2040,32542
5,2041,39772
5,2042,47015
5,2043,53497
5,2044,59141
5,2045,64184
5,2046,69088
5,2047,73928
5,2048,78672
5,2049,83320
5,2050,88190
6,2020,95890
6,2021,86479
6,2022,80635
6,2023,75677
6,2024,71098
6,2025,67016
6,2026,63386
6,2027,60086
6,2028,57028
6,2029,54132
6,2030,51578
6,2031,49205
6,2032,46985
6,2033,44706
6,2034,42687
6,2035,40830
6,2036,39011
6,2037,37292
6,2038,35591
6,2039,33935
6,2040,32456
6,2041,39657
6,2042,46556
6,2043,52863
6,2044,58576
6,2045,63887
6,2046,68949
6,2047,73722
6,2048,78413
6,2049,83241
6,2050,88054
