1,2020,2040
1,2021,3910
1,2022,19958
1,2023,27408
1,2024,31163
1,2025,33299
1,2026,34577
1,2027,35393
1,2028,35886
1,2029,36210
1,2030,36329
1,2031,36271
1,2032,36113
1,2033,35962
1,2034,35703
1,2035,35420
1,2036,35041
1,2037,34584
1,2038,34135
1,2039,33669
1,2040,33897
1,2041,34050
1,2042,34176
1,2043,34203
1,2044,34188
1,2045,34208
1,2046,34174
1,2047,34107
1,2048,34160
1,2049,34182
1,2050,33031
2,2020,1980
2,2021,3785
2,2022,19493
2,2023,26962
2,2024,30749
2,2025,33019
2,2026,34229
2,2027,35092
2,2028,35653
2,2029,35915
2,2030,36052
2,2031,36044
2,2032,35896
2,2033,35674
2,2034,35421
2,2035,35097
2,2036,34725
2,2037,34261
2,2038,33813
2,2039,33321
2,2040,33583
2,2041,33795
2,2042,33827
2,2043,33892
2,2044,33876
2,2045,33863
2,2046,33846
2,2047,33781
2,2048,33829
2,2049,33800
2,2050,32698
3,2020,2003
3,2021,3790
3,2022,19540
3,2023,27134
3,2024,31051
3,2025,33273
3,2026,34551
3,2027,35459
3,2028,35891
3,2029,36149
3,2030,36252
3,2031,36217
3,2032,36028
3,2033,35850
3,2034,35530
3,2035,35198
3,2036,34810
3,2037,34336
3,2038,33883
3,2039,33399
3,2040,33665
3,2041,33824
3,2042,33848
3,2043,33892
3,2044,33938
3,2045,33927
3,2046,33900
3,2047,33892
3,2048,33843
3,2049,33811
3,2050,32762
4,2020,1980
4,2021,3785
4,2022,19493
4,2023,26962
4,2024,30749
4,2025,33019
4,2026,34229
4,2027,35092
4,2028,35653
4,2029,35915
4,2030,36052
4,2031,36044
4,2032,35896
4,2033,35674
4,2034,35421
4,2035,35097
4,2036,34725
4,2037,34261
4,2038,33813
4,2039,33321
4,2040,33583
4,2041,33795
4,2042,33827
4,2043,33892
4,2044,33876
4,2045,33863
4,2046,33846
4,2047,33781
4,2048,33829
4,2049,33800
4,2050,32698
5,2020,1980
5,2021,3785
5,2022,19493
5,2023,26962
5,2024,30749
5,2025,33019
5,2026,34229
5,2027,35092
5,2028,35653
5,2029,35915
5,2030,36052
5,2031,36044
5,2032,35896
5,2033,35674
5,2034,35421
5,2035,35097
5,2036,34725
5,2037,34261
5,2038,33813
5,2039,33321
5,2040,33583
5,2041,33795
5,2042,33827
5,2043,33892
5,2044,33876
5,2045,33863
5,2046,33846
5,2047,33781
5,2048,33829
5,2049,33800
5,2050,32698
6,2020,2040
6,2021,3910
6,2022,19958
6,2023,27408
6,2024,31163
6,2025,33299
6,2026,34577
6,2027,35393
6,2028,35886
6,2029,36210
6,2030,36329
6,2031,36271
6,2032,36113
6,2033,35962
6,2034,35703
6,2035,35420
6,2036,35041
6,2037,34584
6,2038,34135
6,2039,33669
6,2040,33897
6,2041,34050
6,2042,34176
6,2043,34203
6,2044,34188
6,2045,34208
6,2046,34174
6,2047,34107
6,2048,34160
6,2049,34182
6,2050,33031
