1,2020,5899
1,2021,51473
1,2022,68165
1,2023,84705
1,2024,99582
1,2025,113196
1,2026,125638
1,2027,137273
1,2028,148550
1,2029,159432
1,2030,170136
1,2031,180622
1,2032,190806
1,2033,200799
1,2034,210685
1,2035,220437
1,2036,230016
1,2037,239642
1,2038,248977
1,2039,258477
1,2040,267075
1,2041,266773
1,2042,266629
1,2043,267129
1,2044,268382
1,2045,269778
1,2046,271451
1,2047,273467
1,2048,275112
1,2049,276660
1,2050,278218
2,2020,5715
2,2021,51260
2,2022,68413
2,2023,85064
2,2024,99869
2,2025,113112
2,2026,125673
2,2027,137158
2,2028,148198
2,2029,158884
2,2030,169386
2,2031,179699
2,2032,189967
2,2033,199887
2,2034,209914
2,2035,219798
2,2036,229404
2,2037,239048
2,2038,248617
2,2039,257941
2,2040,266285
2,2041,265878
2,2042,265557
2,2043,266085
2,2044,267242
2,2045,268950
2,2046,270816
2,2047,272746
2,2048,274381
2,2049,276065
2,2050,277567
3,2020,5755
3,2021,51650
3,2022,68636
3,2023,84861
3,2024,99658
3,2025,112983
3,2026,125316
3,2027,136665
3,2028,147610
3,2029,158299
3,2030,168924
3,2031,179314
3,2032,189467
3,2033,199663
3,2034,209585
3,2035,219488
3,2036,229159
3,2037,238935
3,2038,248447
3,2039,257795
3,2040,266427
3,2041,266181
3,2042,266026
3,2043,266655
3,2044,268047
3,2045,269697
3,2046,271556
3,2047,273289
3,2048,275199
3,2049,276817
3,2050,278264
4,2020,5715
4,2021,51260
4,2022,68413
4,2023,85064
4,2024,99869
4,2025,113112
4,2026,125673
4,2027,137158
4,2028,148198
4,2029,158884
4,2030,169386
4,2031,179699
4,2032,189967
4,2033,199887
4,2034,209914
4,2035,219798
4,2036,229404
4,2037,239048
4,2038,248617
4,2039,257941
4,2040,266285
4,2041,265878
4,2042,265557
4,2043,266085
4,2044,267242
4,2045,268950
4,2046,270816
4,2047,272746
4,2048,274381
4,2049,276065
4,2050,277567
5,2020,5715
5,2021,51260
5,2022,68413
5,2023,85064
5,2024,99869
5,2025,113112
5,2026,125673
5,2027,137158
5,2028,148198
5,2029,158884
5,2030,169386
5,2031,179699
5,2032,189967
5,2033,199887
5,2034,209914
5,2035,219798
5,2036,229404
5,2037,239048
5,2038,248617
5,2039,257941
5,2040,266285
5,2041,265878
5,2042,265557
5,2043,266085
5,2044,267242
5,2045,268950
5,2046,270816
5,2047,272746
5,2048,274381
5,2049,276065
5,2050,277567
6,2020,5899
6,2021,51473
6,2022,68165
6,2023,84705
6,2024,99582
6,2025,113196
6,2026,125638
6,2027,137273
6,2028,148550
6,2029,159432
6,2030,170136
6,2031,180622
6,2032,190806
6,2033,200799
6,2034,210685
6,2035,220437
6,2036,230016
6,2037,239642
6,2038,248977
6,2039,258477
6,2040,267075
6,2041,266773
6,2042,266629
6,2043,267129
6,2044,268382
6,2045,269778
6,2046,271451
6,2047,273467
6,2048,275112
6,2049,276660
6,2050,278218
