1,2020,109465
1,2021,74286
1,2022,52661
1,2023,40007
1,2024,32661
1,2025,28063
1,2026,25014
1,2027,23187
1,2028,21845
1,2029,20961
1,2030,20233
1,2031,19573
1,2032,18937
1,2033,18774
1,2034,18551
1,2035,18203
1,2036,18077
1,2037,17741
1,2038,17615
1,2039,17274
1,2040,16754
1,2041,16539
1,2042,16455
1,2043,16265
1,2044,16059
1,2045,15950
1,2046,15676
1,2047,15250
1,2048,15027
1,2049,14967
1,2050,14700
2,2020,109465
2,2021,74550
2,2022,52830
2,2023,39756
2,2024,32378
2,2025,27784
2,2026,24729
2,2027,23021
2,2028,21744
2,2029,20818
2,2030,20241
2,2031,19788
2,2032,19346
2,2033,19124
2,2034,18742
2,2035,18384
2,2036,18043
2,2037,17846
2,2038,17407
2,2039,17236
2,2040,16981
2,2041,16714
2,2042,16567
2,2043,16276
2,2044,16073
2,2045,15811
2,2046,15643
2,2047,15249
2,2048,15058
2,2049,14965
2,2050,14707
3,2020,109256
3,2021,74004
3,2022,52396
3,2023,39814
3,2024,31947
3,2025,27409
3,2026,24403
3,2027,22734
3,2028,21783
3,2029,20978
3,2030,20222
3,2031,19751
3,2032,19447
3,2033,19104
3,2034,18837
3,2035,18448
3,2036,18240
3,2037,17901
3,2038,17614
3,2039,17446
3,2040,17215
3,2041,16947
3,2042,16798
3,2043,16715
3,2044,16278
3,2045,16031
3,2046,15857
3,2047,15682
3,2048,15214
3,2049,14919
3,2050,14937
4,2020,109465
4,2021,74550
4,2022,52830
4,2023,39756
4,2024,32378
4,2025,27784
4,2026,24729
4,2027,23021
4,2028,21744
4,2029,20818
4,2030,20241
4,2031,19788
4,2032,19346
4,2033,19124
4,2034,18742
4,2035,18384
4,2036,18043
4,2037,17846
4,2038,17407
4,2039,17236
4,2040,16981
4,2041,16714
4,2042,16567
4,2043,16276
4,2044,16073
4,2045,15811
4,2046,15643
4,2047,15249
4,2048,15058
4,2049,14965
4,2050,14707
5,2020,109465
5,2021,74550
5,2022,52830
5,2023,39756
5,2024,32378
5,2025,27784
5,2026,24729
5,2027,23021
5,2028,21744
5,2029,20818
5,2030,20241
5,2031,19788
5,2032,19346
5,2033,19124
5,2034,18742
5,2035,18384
5,2036,18043
5,2037,17846
5,2038,17407
5,2039,17236
5,2040,16981
5,2041,16714
5,2042,16567
5,2043,16276
5,2044,16073
5,2045,15811
5,2046,15643
5,2047,15249
5,2048,15058
5,2049,14965
5,2050,14707
6,2020,109465
6,2021,74286
6,2022,52661
6,2023,40007
6,2024,32661
6,2025,28063
6,2026,25014
6,2027,23187
6,2028,21845
6,2029,20961
6,2030,20233
6,2031,19573
6,2032,18937
6,2033,18774
6,2034,18551
6,2035,18203
6,2036,18077
6,2037,17741
6,2038,17615
6,2039,17274
6,2040,16754
6,2041,16539
6,2042,16455
6,2043,16265
6,2044,16059
6,2045,15950
6,2046,15676
6,2047,15250
6,2048,15027
6,2049,14967
6,2050,14700
