1,2020,605706
1,2021,602852
1,2022,597581
1,2023,591203
1,2024,584496
1,2025,577426
1,2026,570385
1,2027,563061
1,2028,555691
1,2029,548265
1,2030,540724
1,2031,533329
1,2032,526159
1,2033,518759
1,2034,511374
1,2035,504110
1,2036,496855
1,2037,489741
1,2038,482682
1,2039,475645
1,2040,468818
1,2041,461981
1,2042,455184
1,2043,448540
1,2044,441795
1,2045,435177
1,2046,428750
1,2047,422454
1,2048,416288
1,2049,409950
1,2050,404997
2,2020,606234
2,2021,603115
2,2022,597736
2,2023,591707
2,2024,584957
2,2025,578023
2,2026,570946
2,2027,563648
2,2028,556468
2,2029,549273
2,2030,541817
2,2031,534370
2,2032,526922
2,2033,519586
2,2034,512235
2,2035,504909
2,2036,497867
2,2037,490640
2,2038,483564
2,2039,476478
2,2040,469609
2,2041,462841
2,2042,456034
2,2043,449250
2,2044,442668
2,2045,436192
2,2046,429607
2,2047,423296
2,2048,417060
2,2049,410850
2,2050,405838
3,2020,606197
3,2021,602994
3,2022,597663
3,2023,591564
3,2024,585094
3,2025,578165
3,2026,571143
3,2027,563948
3,2028,556471
3,2029,549068
3,2030,541723
3,2031,534162
3,2032,526683
3,2033,519182
3,2034,511864
3,2035,504585
3,2036,497288
3,2037,490125
3,2038,483033
3,2039,476010
3,2040,468915
3,2041,462069
3,2042,455204
3,2043,448367
3,2044,441732
3,2045,435129
3,2046,428624
3,2047,422272
3,2048,415994
3,2049,410021
3,2050,404848
4,2020,606234
4,2021,603115
4,2022,597736
4,2023,591707
4,2024,584957
4,2025,578023
4,2026,570946
4,2027,563648
4,2028,556468
4,2029,549273
4,2030,541817
4,2031,534370
4,2032,526922
4,2033,519586
4,2034,512235
4,2035,504909
4,2036,497867
4,2037,490640
4,2038,483564
4,2039,476478
4,2040,469609
4,2041,462841
4,2042,456034
4,2043,449250
4,2044,442668
4,2045,436192
4,2046,429607
4,2047,423296
4,2048,417060
4,2049,410850
4,2050,405838
5,2020,606234
5,2021,603115
5,2022,597736
5,2023,591707
5,2024,584957
5,2025,578023
5,2026,570946
5,2027,563648
5,2028,556468
5,2029,549273
5,2030,541817
5,2031,534370
5,2032,526922
5,2033,519586
5,2034,512235
5,2035,504909
5,2036,497867
5,2037,490640
5,2038,483564
5,2039,476478
5,2040,469609
5,2041,462841
5,2042,456034
5,2043,449250
5,2044,442668
5,2045,436192
5,2046,429607
5,2047,423296
5,2048,417060
5,2049,410850
5,2050,405838
6,2020,605706
6,2021,602852
6,2022,597581
6,2023,591203
6,2024,584496
6,2025,577426
6,2026,570385
6,2027,563061
6,2028,555691
6,2029,548265
6,2030,540724
6,2031,533329
6,2032,526159
6,2033,518759
6,2034,511374
6,2035,504110
6,2036,496855
6,2037,489741
6,2038,482682
6,2039,475645
6,2040,468818
6,2041,461981
6,2042,455184
6,2043,448540
6,2044,441795
6,2045,435177
6,2046,428750
6,2047,422454
6,2048,416288
6,2049,409950
6,2050,404997
