1,2020,519425
1,2021,519822
1,2022,507864
1,2023,498718
1,2024,491453
1,2025,485656
1,2026,481205
1,2027,477830
1,2028,475385
1,2029,473433
1,2030,472118
1,2031,470996
1,2032,470049
1,2033,469631
1,2034,469208
1,2035,469076
1,2036,468876
1,2037,468763
1,2038,468646
1,2039,468556
1,2040,468669
1,2041,468878
1,2042,468889
1,2043,468935
1,2044,468898
1,2045,468900
1,2046,469042
1,2047,469107
1,2048,468979
1,2049,468759
1,2050,468768
2,2020,519411
2,2021,519789
2,2022,507791
2,2023,498488
2,2024,491405
2,2025,485568
2,2026,481385
2,2027,477932
2,2028,475296
2,2029,473326
2,2030,471754
2,2031,470598
2,2032,469837
2,2033,469176
2,2034,468770
2,2035,468520
2,2036,468362
2,2037,468206
2,2038,468167
2,2039,468157
2,2040,468281
2,2041,468235
2,2042,468247
2,2043,468305
2,2044,468279
2,2045,468397
2,2046,468330
2,2047,468224
2,2048,468247
2,2049,468141
2,2050,468132
3,2020,519425
3,2021,519822
3,2022,507864
3,2023,498718
3,2024,491453
3,2025,485656
3,2026,481205
3,2027,477830
3,2028,475385
3,2029,473433
3,2030,472118
3,2031,470996
3,2032,470049
3,2033,469631
3,2034,469208
3,2035,469076
3,2036,468876
3,2037,468763
3,2038,468646
3,2039,468556
3,2040,468669
3,2041,468878
3,2042,468889
3,2043,468935
3,2044,468898
3,2045,468900
3,2046,469042
3,2047,469107
3,2048,468979
3,2049,468759
3,2050,468768
4,2020,519411
4,2021,519789
4,2022,507791
4,2023,498488
4,2024,491405
4,2025,485568
4,2026,481385
4,2027,477932
4,2028,475296
4,2029,473326
4,2030,471754
4,2031,470598
4,2032,469837
4,2033,469176
4,2034,468770
4,2035,468520
4,2036,468362
4,2037,468206
4,2038,468167
4,2039,468157
4,2040,468281
4,2041,468235
4,2042,468247
4,2043,468305
4,2044,468279
4,2045,468397
4,2046,468330
4,2047,468224
4,2048,468247
4,2049,468141
4,2050,468132
5,2020,519425
5,2021,519822
5,2022,507864
5,2023,498718
5,2024,491453
5,2025,485656
5,2026,481205
5,2027,477830
5,2028,475385
5,2029,473433
5,2030,472118
5,2031,470996
5,2032,470049
5,2033,469631
5,2034,469208
5,2035,469076
5,2036,468876
5,2037,468763
5,2038,468646
5,2039,468556
5,2040,468669
5,2041,468878
5,2042,468889
5,2043,468935
5,2044,468898
5,2045,468900
5,2046,469042
5,2047,469107
5,2048,468979
5,2049,468759
5,2050,468768
6,2020,519808
6,2021,520213
6,2022,508296
6,2023,499095
6,2024,491830
6,2025,486312
6,2026,481933
6,2027,478540
6,2028,476058
6,2029,474032
6,2030,472556
6,2031,471340
6,2032,470698
6,2033,470246
6,2034,469745
6,2035,469380
6,2036,468984
6,2037,468744
6,2038,468560
6,2039,468518
6,2040,468626
6,2041,468651
6,2042,468585
6,2043,468583
6,2044,468720
6,2045,468724
6,2046,468772
6,2047,468820
6,2048,468789
6,2049,468801
6,2050,468951
