1,2020,142034
1,2021,94948
1,2022,91322
1,2023,88584
1,2024,86908
1,2025,85986
1,2026,85572
1,2027,85921
1,2028,86569
1,2029,87660
1,2030,88902
1,2031,90522
1,2032,92345
1,2033,94170
1,2034,96428
1,2035,98716
1,2036,101004
1,2037,103359
1,2038,105934
1,2039,108527
1,2040,110771
1,2041,110061
1,2042,111206
1,2043,112109
1,2044,113089
1,2045,114072
1,2046,114985
1,2047,116002
1,2048,116875
1,2049,117916
1,2050,118834
2,2020,142784
2,2021,95612
2,2022,91634
2,2023,88856
2,2024,87130
2,2025,86204
2,2026,85819
2,2027,86003
2,2028,86793
2,2029,87825
2,2030,89114
2,2031,90729
2,2032,92482
2,2033,94385
2,2034,96490
2,2035,98662
2,2036,100929
2,2037,103268
2,2038,105791
2,2039,108310
2,2040,110659
2,2041,110149
2,2042,111133
2,2043,112170
2,2044,113163
2,2045,114070
2,2046,115075
2,2047,116075
2,2048,116939
2,2049,117811
2,2050,118623
3,2020,142034
3,2021,94948
3,2022,91322
3,2023,88584
3,2024,86908
3,2025,85986
3,2026,85572
3,2027,85921
3,2028,86569
3,2029,87660
3,2030,88902
3,2031,90522
3,2032,92345
3,2033,94170
3,2034,96428
3,2035,98716
3,2036,101004
3,2037,103359
3,2038,105934
3,2039,108527
3,2040,110771
3,2041,110061
3,2042,111206
3,2043,112109
3,2044,113089
3,2045,114072
3,2046,114985
3,2047,116002
3,2048,116875
3,2049,117916
3,2050,118834
4,2020,142784
4,2021,95612
4,2022,91634
4,2023,88856
4,2024,87130
4,2025,86204
4,2026,85819
4,2027,86003
4,2028,86793
4,2029,87825
4,2030,89114
4,2031,90729
4,2032,92482
4,2033,94385
4,2034,96490
4,2035,98662
4,2036,100929
4,2037,103268
4,2038,105791
4,2039,108310
4,2040,110659
4,2041,110149
4,2042,111133
4,2043,112170
4,2044,113163
4,2045,114070
4,2046,115075
4,2047,116075
4,2048,116939
4,2049,117811
4,2050,118623
5,2020,142034
5,2021,94948
5,2022,91322
5,2023,88584
5,2024,86908
5,2025,85986
5,2026,85572
5,2027,85921
5,2028,86569
5,2029,87660
5,2030,88902
5,2031,90522
5,2032,92345
5,2033,94170
5,2034,96428
5,2035,98716
5,2036,101004
5,2037,103359
5,2038,105934
5,2039,108527
5,2040,110771
5,2041,110061
5,2042,111206
5,2043,112109
5,2044,113089
5,2045,114072
5,2046,114985
5,2047,116002
5,2048,116875
5,2049,117916
5,2050,118834
6,2020,142531
6,2021,95252
6,2022,91377
6,2023,88673
6,2024,86972
6,2025,86154
6,2026,85656
6,2027,86007
6,2028,86562
6,2029,87538
6,2030,88805
6,2031,90434
6,2032,92178
6,2033,94031
6,2034,96143
6,2035,98353
6,2036,100705
6,2037,103229
6,2038,105773
6,2039,108418
6,2040,110760
6,2041,110149
6,2042,111184
6,2043,112097
6,2044,113014
6,2045,114166
6,2046,115094
6,2047,115960
6,2048,117014
6,2049,117883
6,2050,118629
