1,2020,50051
1,2021,55797
1,2022,70250
1,2023,81600
1,2024,90563
1,2025,97508
1,2026,102948
1,2027,106929
1,2028,109744
1,2029,111801
1,2030,113146
1,2031,114047
1,2032,114611
1,2033,114840
1,2034,114782
1,2035,114445
1,2036,114019
1,2037,113363
1,2038,112680
1,2039,111833
1,2040,110823
1,2041,109806
1,2042,108759
1,2043,107673
1,2044,106594
1,2045,105394
1,2046,104111
1,2047,102854
1,2048,101548
1,2049,100629
1,2050,125629
2,2020,49568
2,2021,55613
2,2022,70177
2,2023,81662
2,2024,90428
2,2025,97393
2,2026,102589
2,2027,106639
2,2028,109549
2,2029,111718
2,2030,113290
2,2031,114272
2,2032,114770
2,2033,114928
2,2034,114916
2,2035,114623
2,2036,114122
2,2037,113603
2,2038,112833
2,2039,112018
2,2040,111005
2,2041,109944
2,2042,108882
2,2043,107766
2,2044,106629
2,2045,105430
2,2046,104237
2,2047,103087
2,2048,101834
2,2049,100972
2,2050,126156
3,2020,50051
3,2021,55797
3,2022,70250
3,2023,81600
3,2024,90563
3,2025,97508
3,2026,102948
3,2027,106929
3,2028,109744
3,2029,111801
3,2030,113146
3,2031,114047
3,2032,114611
3,2033,114840
3,2034,114782
3,2035,114445
3,2036,114019
3,2037,113363
3,2038,112680
3,2039,111833
3,2040,110823
3,2041,109806
3,2042,108759
3,2043,107673
3,2044,106594
3,2045,105394
3,2046,104111
3,2047,102854
3,2048,101548
3,2049,100629
3,2050,125629
4,2020,49568
4,2021,55613
4,2022,70177
4,2023,81662
4,2024,90428
4,2025,97393
4,2026,102589
4,2027,106639
4,2028,109549
4,2029,111718
4,2030,113290
4,2031,114272
4,2032,114770
4,2033,114928
4,2034,114916
4,2035,114623
4,2036,114122
4,2037,113603
4,2038,112833
4,2039,112018
4,2040,111005
4,2041,109944
4,2042,108882
4,2043,107766
4,2044,106629
4,2045,105430
4,2046,104237
4,2047,103087
4,2048,101834
4,2049,100972
4,2050,126156
5,2020,50051
5,2021,55797
5,2022,70250
5,2023,81600
5,2024,90563
5,2025,97508
5,2026,102948
5,2027,106929
5,2028,109744
5,2029,111801
5,2030,113146
5,2031,114047
5,2032,114611
5,2033,114840
5,2034,114782
5,2035,114445
5,2036,114019
5,2037,113363
5,2038,112680
5,2039,111833
5,2040,110823
5,2041,109806
5,2042,108759
5,2043,107673
5,2044,106594
5,2045,105394
5,2046,104111
5,2047,102854
5,2048,101548
5,2049,100629
5,2050,125629
6,2020,49488
6,2021,55156
6,2022,69687
6,2023,80889
6,2024,89846
6,2025,96791
6,2026,102139
6,2027,106035
6,2028,108924
6,2029,111066
6,2030,112481
6,2031,113476
6,2032,114021
6,2033,114215
6,2034,114190
6,2035,113990
6,2036,113608
6,2037,113010
6,2038,112303
6,2039,111400
6,2040,110452
6,2041,109492
6,2042,108448
6,2043,107332
6,2044,106121
6,2045,104888
6,2046,103709
6,2047,102490
6,2048,101221
6,2049,100285
6,2050,125361
