1,2020,96002
1,2021,86581
1,2022,80747
1,2023,75366
1,2024,70535
1,2025,65897
1,2026,61619
1,2027,57586
1,2028,53915
1,2029,50580
1,2030,47363
1,2031,44307
1,2032,41439
1,2033,38687
1,2034,36035
1,2035,33541
1,2036,31144
1,2037,28764
1,2038,26526
1,2039,24324
1,2040,22155
1,2041,21573
1,2042,21129
1,2043,20741
1,2044,20486
1,2045,20229
1,2046,20207
1,2047,20191
1,2048,20254
1,2049,20425
1,2050,20682
2,2020,95340
2,2021,86026
2,2022,80182
2,2023,75000
2,2024,70054
2,2025,65488
2,2026,61402
2,2027,57496
2,2028,53888
2,2029,50508
2,2030,47317
2,2031,44317
2,2032,41432
2,2033,38740
2,2034,36118
2,2035,33466
2,2036,30990
2,2037,28746
2,2038,26463
2,2039,24317
2,2040,22203
2,2041,21579
2,2042,21043
2,2043,20711
2,2044,20467
2,2045,20206
2,2046,20064
2,2047,20050
2,2048,20156
2,2049,20367
2,2050,20674
3,2020,95767
3,2021,86327
3,2022,80448
3,2023,75111
3,2024,70170
3,2025,65655
3,2026,61539
3,2027,57610
3,2028,54084
3,2029,50612
3,2030,47464
3,2031,44437
3,2032,41535
3,2033,38750
3,2034,36193
3,2035,33706
3,2036,31268
3,2037,28907
3,2038,26661
3,2039,24506
3,2040,22397
3,2041,21798
3,2042,21361
3,2043,20946
3,2044,20668
3,2045,20481
3,2046,20384
3,2047,20341
3,2048,20468
3,2049,20707
3,2050,20775
4,2020,95681
4,2021,86100
4,2022,80324
4,2023,75017
4,2024,70132
4,2025,65563
4,2026,61313
4,2027,57349
4,2028,53631
4,2029,50056
4,2030,46790
4,2031,43857
4,2032,40984
4,2033,38288
4,2034,35661
4,2035,33197
4,2036,30844
4,2037,28562
4,2038,26404
4,2039,24245
4,2040,22201
4,2041,21549
4,2042,20962
4,2043,20552
4,2044,20231
4,2045,20080
4,2046,20095
4,2047,20163
4,2048,20292
4,2049,20523
4,2050,20830
5,2020,95767
5,2021,86327
5,2022,80448
5,2023,75111
5,2024,70170
5,2025,65655
5,2026,61539
5,2027,57610
5,2028,54084
5,2029,50612
5,2030,47464
5,2031,44437
5,2032,41535
5,2033,38750
5,2034,36193
5,2035,33706
5,2036,31268
5,2037,28907
5,2038,26661
5,2039,24506
5,2040,22397
5,2041,21798
5,2042,21361
5,2043,20946
5,2044,20668
5,2045,20481
5,2046,20384
5,2047,20341
5,2048,20468
5,2049,20707
5,2050,20775
6,2020,95696
6,2021,86268
6,2022,80486
6,2023,75148
6,2024,70310
6,2025,65810
6,2026,61672
6,2027,57876
6,2028,54280
6,2029,50832
6,2030,47513
6,2031,44422
6,2032,41513
6,2033,38804
6,2034,36184
6,2035,33725
6,2036,31304
6,2037,28958
6,2038,26781
6,2039,24550
6,2040,22393
6,2041,21759
6,2042,21255
6,2043,20943
6,2044,20653
6,2045,20387
6,2046,20204
6,2047,20395
6,2048,20459
6,2049,20492
6,2050,20744
