1,2020,109687
1,2021,118133
1,2022,123533
1,2023,129476
1,2024,135622
1,2025,142002
1,2026,148402
1,2027,154828
1,2028,161357
1,2029,167755
1,2030,173838
1,2031,180212
1,2032,186458
1,2033,192435
1,2034,198403
1,2035,204223
1,2036,209802
1,2037,215471
1,2038,220911
1,2039,226405
1,2040,231705
1,2041,236946
1,2042,241975
1,2043,247039
1,2044,251796
1,2045,256594
1,2046,261213
1,2047,266003
1,2048,270512
1,2049,274944
1,2050,279235
2,2020,109828
2,2021,118314
2,2022,123841
2,2023,129679
2,2024,135780
2,2025,142141
2,2026,148592
2,2027,154994
2,2028,161224
2,2029,167395
2,2030,173824
2,2031,180058
2,2032,186263
2,2033,192345
2,2034,198378
2,2035,204346
2,2036,210047
2,2037,215600
2,2038,221201
2,2039,226619
2,2040,231911
2,2041,237063
2,2042,242093
2,2043,246979
2,2044,251864
2,2045,256570
2,2046,261255
2,2047,265944
2,2048,270512
2,2049,274747
2,2050,279092
3,2020,109358
3,2021,117697
3,2022,123383
3,2023,129335
3,2024,135571
3,2025,141933
3,2026,148125
3,2027,154402
3,2028,160672
3,2029,166983
3,2030,173184
3,2031,179404
3,2032,185519
3,2033,191620
3,2034,197504
3,2035,203426
3,2036,209137
3,2037,214763
3,2038,220396
3,2039,225783
3,2040,231136
3,2041,236328
3,2042,241403
3,2043,246390
3,2044,251356
3,2045,256094
3,2046,260896
3,2047,265557
3,2048,269957
3,2049,274247
3,2050,278645
4,2020,109854
4,2021,118295
4,2022,123832
4,2023,129665
4,2024,135910
4,2025,142140
4,2026,148594
4,2027,154927
4,2028,161360
4,2029,167780
4,2030,173903
4,2031,180103
4,2032,186226
4,2033,192193
4,2034,198235
4,2035,204219
4,2036,210101
4,2037,215524
4,2038,221088
4,2039,226555
4,2040,231711
4,2041,237028
4,2042,242123
4,2043,247093
4,2044,251834
4,2045,256683
4,2046,261372
4,2047,266023
4,2048,270314
4,2049,274591
4,2050,278690
5,2020,109358
5,2021,117697
5,2022,123383
5,2023,129335
5,2024,135571
5,2025,141933
5,2026,148125
5,2027,154402
5,2028,160672
5,2029,166983
5,2030,173184
5,2031,179404
5,2032,185519
5,2033,191620
5,2034,197504
5,2035,203426
5,2036,209137
5,2037,214763
5,2038,220396
5,2039,225783
5,2040,231136
5,2041,236328
5,2042,241403
5,2043,246390
5,2044,251356
5,2045,256094
5,2046,260896
5,2047,265557
5,2048,269957
5,2049,274247
5,2050,278645
6,2020,108983
6,2021,117413
6,2022,123172
6,2023,128970
6,2024,135051
6,2025,141273
6,2026,147681
6,2027,153928
6,2028,160351
6,2029,166876
6,2030,173333
6,2031,179594
6,2032,185905
6,2033,191954
6,2034,197958
6,2035,203884
6,2036,209373
6,2037,215027
6,2038,220517
6,2039,225945
6,2040,231364
6,2041,236565
6,2042,241689
6,2043,246512
6,2044,251291
6,2045,256172
6,2046,261016
6,2047,265478
6,2048,269911
6,2049,274458
6,2050,278661
