1,2020,1988
1,2021,3821
1,2022,4012
1,2023,4112
1,2024,4150
1,2025,4180
1,2026,4133
1,2027,4108
1,2028,4074
1,2029,4017
1,2030,3967
1,2031,3910
1,2032,3822
1,2033,3747
1,2034,3652
1,2035,3560
1,2036,3455
1,2037,3364
1,2038,3273
1,2039,3184
1,2040,3223
1,2041,3260
1,2042,3312
1,2043,3381
1,2044,3424
1,2045,3472
1,2046,3512
1,2047,3588
1,2048,3669
1,2049,3710
1,2050,2712
2,2020,2002
2,2021,3830
2,2022,3983
2,2023,4119
2,2024,4149
2,2025,4158
2,2026,4179
2,2027,4151
2,2028,4117
2,2029,4085
2,2030,4017
2,2031,3926
2,2032,3833
2,2033,3728
2,2034,3662
2,2035,3575
2,2036,3479
2,2037,3397
2,2038,3307
2,2039,3206
2,2040,3219
2,2041,3229
2,2042,3259
2,2043,3313
2,2044,3357
2,2045,3438
2,2046,3487
2,2047,3567
2,2048,3644
2,2049,3708
2,2050,2673
3,2020,1909
3,2021,3713
3,2022,3891
3,2023,3981
3,2024,4062
3,2025,4075
3,2026,4070
3,2027,4080
3,2028,4032
3,2029,3973
3,2030,3910
3,2031,3848
3,2032,3803
3,2033,3732
3,2034,3664
3,2035,3571
3,2036,3477
3,2037,3398
3,2038,3302
3,2039,3229
3,2040,3235
3,2041,3262
3,2042,3307
3,2043,3346
3,2044,3386
3,2045,3435
3,2046,3515
3,2047,3544
3,2048,3609
3,2049,3683
3,2050,2740
4,2020,2018
4,2021,3923
4,2022,4067
4,2023,4159
4,2024,4195
4,2025,4233
4,2026,4228
4,2027,4203
4,2028,4152
4,2029,4100
4,2030,4043
4,2031,3971
4,2032,3880
4,2033,3801
4,2034,3705
4,2035,3629
4,2036,3522
4,2037,3428
4,2038,3335
4,2039,3239
4,2040,3249
4,2041,3279
4,2042,3334
4,2043,3378
4,2044,3450
4,2045,3486
4,2046,3565
4,2047,3636
4,2048,3697
4,2049,3770
4,2050,2723
5,2020,1909
5,2021,3713
5,2022,3891
5,2023,3981
5,2024,4062
5,2025,4075
5,2026,4070
5,2027,4080
5,2028,4032
5,2029,3973
5,2030,3910
5,2031,3848
5,2032,3803
5,2033,3732
5,2034,3664
5,2035,3571
5,2036,3477
5,2037,3398
5,2038,3302
5,2039,3229
5,2040,3235
5,2041,3262
5,2042,3307
5,2043,3346
5,2044,3386
5,2045,3435
5,2046,3515
5,2047,3544
5,2048,3609
5,2049,3683
5,2050,2740
6,2020,1987
6,2021,3856
6,2022,4027
6,2023,4118
6,2024,4170
6,2025,4218
6,2026,4228
6,2027,4206
6,2028,4136
6,2029,4087
6,2030,4027
6,2031,3970
6,2032,3883
6,2033,3793
6,2034,3708
6,2035,3607
6,2036,3525
6,2037,3422
6,2038,3326
6,2039,3227
6,2040,3253
6,2041,3270
6,2042,3310
6,2043,3357
6,2044,3387
6,2045,3448
6,2046,3523
6,2047,3591
6,2048,3636
6,2049,3715
6,2050,2645
