1,2020,5821
1,2021,8007
1,2022,11829
1,2023,15724
1,2024,19565
1,2025,23590
1,2026,27547
1,2027,31562
1,2028,35542
1,2029,39535
1,2030,43600
1,2031,47539
1,2032,51476
1,2033,55377
1,2034,59431
1,2035,63459
1,2036,67440
1,2037,71380
1,2038,75333
1,2039,79285
1,2040,83088
1,2041,85396
1,2042,87616
1,2043,89761
1,2044,91860
1,2045,93988
1,2046,95892
1,2047,97609
1,2048,99476
1,2049,101261
1,2050,102901
2,2020,5835
2,2021,8022
2,2022,11984
2,2023,15858
2,2024,19785
2,2025,23754
2,2026,27683
2,2027,31720
2,2028,35724
2,2029,39594
2,2030,43542
2,2031,47478
2,2032,51446
2,2033,55535
2,2034,59486
2,2035,63425
2,2036,67417
2,2037,71340
2,2038,75249
2,2039,79295
2,2040,83198
2,2041,85565
2,2042,87829
2,2043,90015
2,2044,92070
2,2045,94003
2,2046,95954
2,2047,97715
2,2048,99384
2,2049,101121
2,2050,102701
3,2020,5801
3,2021,8079
3,2022,11965
3,2023,15873
3,2024,19743
3,2025,23687
3,2026,27721
3,2027,31725
3,2028,35630
3,2029,39528
3,2030,43445
3,2031,47358
3,2032,51425
3,2033,55374
3,2034,59298
3,2035,63245
3,2036,67150
3,2037,71082
3,2038,75017
3,2039,78882
3,2040,82653
3,2041,84988
3,2042,87172
3,2043,89385
3,2044,91569
3,2045,93562
3,2046,95411
3,2047,97308
3,2048,99073
3,2049,100637
3,2050,102264
4,2020,5873
4,2021,8058
4,2022,11871
4,2023,15826
4,2024,19661
4,2025,23635
4,2026,27698
4,2027,31690
4,2028,35749
4,2029,39729
4,2030,43724
4,2031,47730
4,2032,51751
4,2033,55771
4,2034,59869
4,2035,63764
4,2036,67610
4,2037,71506
4,2038,75368
4,2039,79235
4,2040,83050
4,2041,85287
4,2042,87506
4,2043,89779
4,2044,91944
4,2045,93937
4,2046,95724
4,2047,97450
4,2048,99161
4,2049,100798
4,2050,102533
5,2020,5801
5,2021,8079
5,2022,11965
5,2023,15873
5,2024,19743
5,2025,23687
5,2026,27721
5,2027,31725
5,2028,35630
5,2029,39528
5,2030,43445
5,2031,47358
5,2032,51425
5,2033,55374
5,2034,59298
5,2035,63245
5,2036,67150
5,2037,71082
5,2038,75017
5,2039,78882
5,2040,82653
5,2041,84988
5,2042,87172
5,2043,89385
5,2044,91569
5,2045,93562
5,2046,95411
5,2047,97308
5,2048,99073
5,2049,100637
5,2050,102264
6,2020,5985
6,2021,8183
6,2022,12068
6,2023,15982
6,2024,19988
6,2025,23806
6,2026,27735
6,2027,31614
6,2028,35553
6,2029,39517
6,2030,43634
6,2031,47565
6,2032,51407
6,2033,55322
6,2034,59285
6,2035,63203
6,2036,67257
6,2037,71184
6,2038,75187
6,2039,79035
6,2040,82826
6,2041,85205
6,2042,87468
6,2043,89549
6,2044,91722
6,2045,93682
6,2046,95638
6,2047,97371
6,2048,99235
6,2049,100863
6,2050,102524
