1,2020,605502
1,2021,602458
1,2022,598879
1,2023,594322
1,2024,589128
1,2025,583331
1,2026,577299
1,2027,570916
1,2028,564112
1,2029,557113
1,2030,550232
1,2031,543032
1,2032,535805
1,2033,528754
1,2034,521479
1,2035,514217
1,2036,507159
1,2037,500021
1,2038,492957
1,2039,485802
1,2040,478829
1,2041,471825
1,2042,464968
1,2043,458078
1,2044,451434
1,2045,444717
1,2046,438176
1,2047,431609
1,2048,425089
1,2049,418660
1,2050,413470
2,2020,605995
2,2021,602808
2,2022,599010
2,2023,594344
2,2024,589232
2,2025,583459
2,2026,577144
2,2027,570639
2,2028,564047
2,2029,557418
2,2030,550300
2,2031,543221
2,2032,536026
2,2033,528652
2,2034,521356
2,2035,514188
2,2036,507067
2,2037,499917
2,2038,492780
2,2039,485563
2,2040,478469
2,2041,471564
2,2042,464776
2,2043,457982
2,2044,451242
2,2045,444783
2,2046,438240
2,2047,431724
2,2048,425304
2,2049,419057
2,2050,413860
3,2020,606165
3,2021,603184
3,2022,599313
3,2023,594700
3,2024,589454
3,2025,583650
3,2026,577545
3,2027,571183
3,2028,564582
3,2029,557904
3,2030,550997
3,2031,543953
3,2032,536718
3,2033,529524
3,2034,522341
3,2035,515052
3,2036,507968
3,2037,500850
3,2038,493624
3,2039,486600
3,2040,479579
3,2041,472624
3,2042,465757
3,2043,458933
3,2044,452021
3,2045,445428
3,2046,438794
3,2047,432250
3,2048,425893
3,2049,419726
3,2050,414576
4,2020,605574
4,2021,602624
4,2022,598906
4,2023,594333
4,2024,589102
4,2025,583429
4,2026,577167
4,2027,570831
4,2028,564108
4,2029,557335
4,2030,550540
4,2031,543339
4,2032,536159
4,2033,528947
4,2034,521530
4,2035,514191
4,2036,506923
4,2037,499980
4,2038,492805
4,2039,485726
4,2040,478789
4,2041,471857
4,2042,465075
4,2043,458198
4,2044,451541
4,2045,444814
4,2046,438244
4,2047,431728
4,2048,425536
4,2049,419318
4,2050,414224
5,2020,606165
5,2021,603184
5,2022,599313
5,2023,594700
5,2024,589454
5,2025,583650
5,2026,577545
5,2027,571183
5,2028,564582
5,2029,557904
5,2030,550997
5,2031,543953
5,2032,536718
5,2033,529524
5,2034,522341
5,2035,515052
5,2036,507968
5,2037,500850
5,2038,493624
5,2039,486600
5,2040,479579
5,2041,472624
5,2042,465757
5,2043,458933
5,2044,452021
5,2045,445428
5,2046,438794
5,2047,432250
5,2048,425893
5,2049,419726
5,2050,414576
6,2020,606349
6,2021,603280
6,2022,599247
6,2023,594782
6,2024,589481
6,2025,583893
6,2026,577684
6,2027,571376
6,2028,564680
6,2029,557688
6,2030,550493
6,2031,543449
6,2032,536292
6,2033,529127
6,2034,521865
6,2035,514581
6,2036,507541
6,2037,500409
6,2038,493189
6,2039,486243
6,2040,479164
6,2041,472201
6,2042,465278
6,2043,458639
6,2044,451947
6,2045,445311
6,2046,438619
6,2047,432165
6,2048,425759
6,2049,419472
6,2050,414426
