1,2020,5843
1,2021,3895
1,2022,3807
1,2023,3736
1,2024,3637
1,2025,3519
1,2026,3423
1,2027,3287
1,2028,3166
1,2029,3022
1,2030,2880
1,2031,2708
1,2032,2473
1,2033,2279
1,2034,2053
1,2035,1821
1,2036,1552
1,2037,1214
1,2038,900
1,2039,581
1,2040,255
1,2041,242
1,2042,194
1,2043,173
1,2044,184
1,2045,160
1,2046,111
1,2047,124
1,2048,59
1,2049,65
1,2050,38
2,2020,5819
2,2021,3959
2,2022,3876
2,2023,3778
2,2024,3653
2,2025,3515
2,2026,3387
2,2027,3251
2,2028,3083
2,2029,2953
2,2030,2780
2,2031,2666
2,2032,2456
2,2033,2266
2,2034,2053
2,2035,1809
2,2036,1540
2,2037,1234
2,2038,907
2,2039,586
2,2040,225
2,2041,249
2,2042,195
2,2043,190
2,2044,189
2,2045,140
2,2046,139
2,2047,105
2,2048,92
2,2049,73
2,2050,36
3,2020,5777
3,2021,3894
3,2022,3855
3,2023,3802
3,2024,3682
3,2025,3517
3,2026,3385
3,2027,3280
3,2028,3195
3,2029,3030
3,2030,2853
3,2031,2663
3,2032,2470
3,2033,2284
3,2034,2077
3,2035,1855
3,2036,1574
3,2037,1285
3,2038,939
3,2039,584
3,2040,257
3,2041,229
3,2042,203
3,2043,189
3,2044,188
3,2045,171
3,2046,130
3,2047,115
3,2048,87
3,2049,41
3,2050,45
4,2020,5932
4,2021,3965
4,2022,3927
4,2023,3801
4,2024,3692
4,2025,3590
4,2026,3421
4,2027,3297
4,2028,3157
4,2029,3063
4,2030,2867
4,2031,2651
4,2032,2485
4,2033,2245
4,2034,1969
4,2035,1705
4,2036,1473
4,2037,1252
4,2038,918
4,2039,569
4,2040,248
4,2041,216
4,2042,185
4,2043,191
4,2044,203
4,2045,128
4,2046,130
4,2047,122
4,2048,72
4,2049,52
4,2050,47
5,2020,5820
5,2021,3998
5,2022,3945
5,2023,3824
5,2024,3727
5,2025,3609
5,2026,3485
5,2027,3371
5,2028,3187
5,2029,3064
5,2030,2915
5,2031,2735
5,2032,2541
5,2033,2311
5,2034,2052
5,2035,1809
5,2036,1524
5,2037,1204
5,2038,877
5,2039,582
5,2040,247
5,2041,194
5,2042,196
5,2043,179
5,2044,183
5,2045,140
5,2046,128
5,2047,96
5,2048,81
5,2049,57
5,2050,36
6,2020,5710
6,2021,3872
6,2022,3808
6,2023,3703
6,2024,3604
6,2025,3560
6,2026,3360
6,2027,3253
6,2028,3155
6,2029,3030
6,2030,2917
6,2031,2727
6,2032,2492
6,2033,2314
6,2034,2061
6,2035,1824
6,2036,1578
6,2037,1289
6,2038,961
6,2039,595
6,2040,233
6,2041,214
6,2042,192
6,2043,203
6,2044,168
6,2045,134
6,2046,122
6,2047,98
6,2048,88
6,2049,43
6,2050,31
