1,2020,2008
1,2021,4150
1,2022,4470
1,2023,4749
1,2024,5067
1,2025,5410
1,2026,5735
1,2027,6076
1,2028,6412
1,2029,6800
1,2030,7194
1,2031,7600
1,2032,8015
1,2033,8427
1,2034,8859
1,2035,9313
1,2036,9797
1,2037,10303
1,2038,10802
1,2039,11296
1,2040,11820
1,2041,11994
1,2042,12170
1,2043,12295
1,2044,12391
1,2045,12509
1,2046,12599
1,2047,12631
1,2048,12706
1,2049,12690
1,2050,10467
2,2020,1959
2,2021,4031
2,2022,4312
2,2023,4629
2,2024,4964
2,2025,5292
2,2026,5638
2,2027,5991
2,2028,6385
2,2029,6780
2,2030,7162
2,2031,7523
2,2032,7937
2,2033,8357
2,2034,8780
2,2035,9249
2,2036,9751
2,2037,10250
2,2038,10748
2,2039,11249
2,2040,11771
2,2041,11918
2,2042,12101
2,2043,12229
2,2044,12358
2,2045,12474
2,2046,12550
2,2047,12616
2,2048,12655
2,2049,12684
2,2050,10558
3,2020,1927
3,2021,3995
3,2022,4276
3,2023,4588
3,2024,4937
3,2025,5282
3,2026,5612
3,2027,5952
3,2028,6284
3,2029,6689
3,2030,7084
3,2031,7497
3,2032,7878
3,2033,8296
3,2034,8700
3,2035,9155
3,2036,9651
3,2037,10146
3,2038,10689
3,2039,11223
3,2040,11737
3,2041,11919
3,2042,12080
3,2043,12212
3,2044,12337
3,2045,12459
3,2046,12571
3,2047,12627
3,2048,12688
3,2049,12714
3,2050,10540
4,2020,2003
4,2021,4145
4,2022,4402
4,2023,4744
4,2024,5040
4,2025,5390
4,2026,5761
4,2027,6133
4,2028,6491
4,2029,6845
4,2030,7246
4,2031,7634
4,2032,8029
4,2033,8500
4,2034,8975
4,2035,9428
4,2036,9865
4,2037,10278
4,2038,10805
4,2039,11350
4,2040,11863
4,2041,12036
4,2042,12171
4,2043,12284
4,2044,12411
4,2045,12549
4,2046,12606
4,2047,12668
4,2048,12704
4,2049,12692
4,2050,10487
5,2020,1999
5,2021,4054
5,2022,4351
5,2023,4669
5,2024,4981
5,2025,5316
5,2026,5640
5,2027,6033
5,2028,6426
5,2029,6764
5,2030,7163
5,2031,7563
5,2032,7986
5,2033,8394
5,2034,8823
5,2035,9270
5,2036,9766
5,2037,10257
5,2038,10727
5,2039,11237
5,2040,11739
5,2041,11916
5,2042,12043
5,2043,12166
5,2044,12278
5,2045,12400
5,2046,12479
5,2047,12536
5,2048,12563
5,2049,12576
5,2050,10452
6,2020,1968
6,2021,4029
6,2022,4309
6,2023,4599
6,2024,4892
6,2025,5193
6,2026,5593
6,2027,5913
6,2028,6253
6,2029,6608
6,2030,6989
6,2031,7426
6,2032,7854
6,2033,8268
6,2034,8720
6,2035,9136
6,2036,9606
6,2037,10101
6,2038,10609
6,2039,11158
6,2040,11688
6,2041,11862
6,2042,12008
6,2043,12125
6,2044,12260
6,2045,12357
6,2046,12436
6,2047,12493
6,2048,12532
6,2049,12565
6,2050,10409
