1,2020,95830
1,2021,86573
1,2022,80719
1,2023,75164
1,2024,69588
1,2025,64326
1,2026,59347
1,2027,54622
1,2028,50013
1,2029,45636
1,2030,41517
1,2031,37589
1,2032,33806
1,2033,30225
1,2034,26836
1,2035,23711
1,2036,20784
1,2037,18018
1,2038,15469
1,2039,13108
1,2040,10780
1,2041,8736
1,2042,6911
1,2043,5305
1,2044,3907
1,2045,2737
1,2046,1781
1,2047,960
1,2048,404
1,2049,0
1,2050,0
2,2020,95301
2,2021,86120
2,2022,80365
2,2023,74728
2,2024,69426
2,2025,64215
2,2026,59214
2,2027,54471
2,2028,50025
2,2029,45787
2,2030,41702
2,2031,37717
2,2032,33990
2,2033,30445
2,2034,27109
2,2035,23857
2,2036,20788
2,2037,17987
2,2038,15476
2,2039,13036
2,2040,10827
2,2041,8830
2,2042,7046
2,2043,5437
2,2044,4020
2,2045,2809
2,2046,1794
2,2047,993
2,2048,371
2,2049,0
2,2050,0
3,2020,95612
3,2021,86609
3,2022,80902
3,2023,75249
3,2024,69892
3,2025,64738
3,2026,59875
3,2027,55104
3,2028,50538
3,2029,46141
3,2030,41896
3,2031,37949
3,2032,34131
3,2033,30573
3,2034,27104
3,2035,23897
3,2036,20875
3,2037,17940
3,2038,15402
3,2039,12968
3,2040,10717
3,2041,8725
3,2042,6932
3,2043,5316
3,2044,3915
3,2045,2750
3,2046,1765
3,2047,927
3,2048,352
3,2049,0
3,2050,0
4,2020,95787
4,2021,86695
4,2022,81032
4,2023,75338
4,2024,69867
4,2025,64752
4,2026,59791
4,2027,55050
4,2028,50493
4,2029,46130
4,2030,41910
4,2031,37913
4,2032,34234
4,2033,30690
4,2034,27213
4,2035,23989
4,2036,20965
4,2037,18144
4,2038,15557
4,2039,13140
4,2040,10897
4,2041,8896
4,2042,7025
4,2043,5428
4,2044,3960
4,2045,2785
4,2046,1743
4,2047,975
4,2048,387
4,2049,0
4,2050,0
5,2020,95710
5,2021,86634
5,2022,80811
5,2023,75245
5,2024,69963
5,2025,64725
5,2026,59695
5,2027,54882
5,2028,50338
5,2029,45845
5,2030,41712
5,2031,37771
5,2032,34106
5,2033,30538
5,2034,27148
5,2035,23916
5,2036,20783
5,2037,18001
5,2038,15489
5,2039,13110
5,2040,10849
5,2041,8821
5,2042,7009
5,2043,5432
5,2044,4018
5,2045,2802
5,2046,1842
5,2047,1051
5,2048,390
5,2049,0
5,2050,0
6,2020,95618
6,2021,86480
6,2022,80721
6,2023,75129
6,2024,69715
6,2025,64680
6,2026,59678
6,2027,54858
6,2028,50275
6,2029,45877
6,2030,41661
6,2031,37817
6,2032,34028
6,2033,30404
6,2034,26980
6,2035,23734
6,2036,20727
6,2037,17866
6,2038,15312
6,2039,12898
6,2040,10650
6,2041,8649
6,2042,6849
6,2043,5284
6,2044,3879
6,2045,2718
6,2046,1742
6,2047,957
6,2048,401
6,2049,0
6,2050,0
