1,2020,109625
1,2021,112209
1,2022,111012
1,2023,109787
1,2024,108476
1,2025,106780
1,2026,105004
1,2027,103027
1,2028,100868
1,2029,98520
1,2030,95862
1,2031,93135
1,2032,90241
1,2033,87094
1,2034,83761
1,2035,80097
1,2036,76213
1,2037,72431
1,2038,68353
1,2039,64012
1,2040,59786
1,2041,55191
1,2042,50392
1,2043,45459
1,2044,40225
1,2045,34861
1,2046,29411
1,2047,23716
1,2048,17969
1,2049,12010
1,2050,6084
2,2020,109560
2,2021,112090
2,2022,110913
2,2023,109545
2,2024,108005
2,2025,106411
2,2026,104558
2,2027,102466
2,2028,100161
2,2029,97611
2,2030,95052
2,2031,92381
2,2032,89433
2,2033,86251
2,2034,82994
2,2035,79439
2,2036,75870
2,2037,71936
2,2038,67883
2,2039,63614
2,2040,59210
2,2041,54530
2,2042,49854
2,2043,44931
2,2044,39793
2,2045,34559
2,2046,29099
2,2047,23588
2,2048,17961
2,2049,12050
2,2050,6073
3,2020,109310
3,2021,111780
3,2022,110583
3,2023,109302
3,2024,107812
3,2025,106260
3,2026,104329
3,2027,102283
3,2028,99998
3,2029,97563
3,2030,95076
3,2031,92412
3,2032,89521
3,2033,86334
3,2034,83125
3,2035,79678
3,2036,75963
3,2037,72113
3,2038,68039
3,2039,63813
3,2040,59407
3,2041,54795
3,2042,50124
3,2043,45207
3,2044,40102
3,2045,34618
3,2046,29279
3,2047,23690
3,2048,17949
3,2049,11986
3,2050,5965
4,2020,108888
4,2021,111403
4,2022,110161
4,2023,109086
4,2024,107588
4,2025,105877
4,2026,103999
4,2027,101917
4,2028,99649
4,2029,97241
4,2030,94661
4,2031,91920
4,2032,88904
4,2033,85660
4,2034,82395
4,2035,78977
4,2036,75393
4,2037,71566
4,2038,67589
4,2039,63401
4,2040,59028
4,2041,54462
4,2042,49868
4,2043,45084
4,2044,40036
4,2045,34819
4,2046,29279
4,2047,23647
4,2048,17949
4,2049,11942
4,2050,5973
5,2020,109532
5,2021,111956
5,2022,110768
5,2023,109552
5,2024,108157
5,2025,106430
5,2026,104528
5,2027,102490
5,2028,100195
5,2029,97758
5,2030,95263
5,2031,92487
5,2032,89427
5,2033,86182
5,2034,82981
5,2035,79476
5,2036,75865
5,2037,71952
5,2038,67925
5,2039,63654
5,2040,59270
5,2041,54735
5,2042,49927
5,2043,45049
5,2044,39904
5,2045,34698
5,2046,29276
5,2047,23735
5,2048,17993
5,2049,12046
5,2050,6153
6,2020,109759
6,2021,112224
6,2022,110995
6,2023,109797
6,2024,108275
6,2025,106545
6,2026,104733
6,2027,102759
6,2028,100452
6,2029,98136
6,2030,95560
6,2031,92696
6,2032,89781
6,2033,86577
6,2034,83295
6,2035,79894
6,2036,76235
6,2037,72268
6,2038,68092
6,2039,63927
6,2040,59586
6,2041,55070
6,2042,50293
6,2043,45328
6,2044,40173
6,2045,34790
6,2046,29428
6,2047,23802
6,2048,18029
6,2049,11987
6,2050,6072
