1,2020,605694
1,2021,612173
1,2022,618992
1,2023,625564
1,2024,632232
1,2025,638965
1,2026,645491
1,2027,651988
1,2028,658541
1,2029,665022
1,2030,671547
1,2031,677968
1,2032,684465
1,2033,690975
1,2034,697491
1,2035,704058
1,2036,710654
1,2037,717034
1,2038,723476
1,2039,730003
1,2040,736359
1,2041,742837
1,2042,749333
1,2043,755768
1,2044,762293
1,2045,768733
1,2046,775098
1,2047,781569
1,2048,787862
1,2049,794235
1,2050,802411
2,2020,606361
2,2021,612800
2,2022,619534
2,2023,626320
2,2024,632952
2,2025,639567
2,2026,646203
2,2027,652821
2,2028,659346
2,2029,665869
2,2030,672304
2,2031,678713
2,2032,685184
2,2033,691681
2,2034,698064
2,2035,704646
2,2036,711051
2,2037,717593
2,2038,723986
2,2039,730515
2,2040,736967
2,2041,743473
2,2042,749804
2,2043,756213
2,2044,762640
2,2045,769018
2,2046,775418
2,2047,781698
2,2048,787921
2,2049,794193
2,2050,802333
3,2020,606374
3,2021,612722
3,2022,619384
3,2023,626059
3,2024,632677
3,2025,639203
3,2026,645799
3,2027,652381
3,2028,658985
3,2029,665577
3,2030,672091
3,2031,678479
3,2032,685000
3,2033,691513
3,2034,697994
3,2035,704415
3,2036,710937
3,2037,717516
3,2038,723931
3,2039,730412
3,2040,736882
3,2041,743332
3,2042,749661
3,2043,756076
3,2044,762458
3,2045,769002
3,2046,775255
3,2047,781641
3,2048,787924
3,2049,794259
3,2050,802450
4,2020,606390
4,2021,612792
4,2022,619478
4,2023,626031
4,2024,632813
4,2025,639391
4,2026,646028
4,2027,652603
4,2028,659210
4,2029,665721
4,2030,672316
4,2031,678882
4,2032,685348
4,2033,691905
4,2034,698448
4,2035,704901
4,2036,711304
4,2037,717760
4,2038,724131
4,2039,730540
4,2040,736964
4,2041,743390
4,2042,749751
4,2043,756013
4,2044,762390
4,2045,768719
4,2046,775242
4,2047,781588
4,2048,787888
4,2049,794314
4,2050,802493
5,2020,605939
5,2021,612358
5,2022,619125
5,2023,625710
5,2024,632172
5,2025,638920
5,2026,645652
5,2027,652224
5,2028,658854
5,2029,665569
5,2030,671947
5,2031,678444
5,2032,684940
5,2033,691575
5,2034,697996
5,2035,704529
5,2036,711062
5,2037,717586
5,2038,723982
5,2039,730417
5,2040,736895
5,2041,743334
5,2042,749825
5,2043,756174
5,2044,762617
5,2045,768960
5,2046,775275
5,2047,781582
5,2048,787973
5,2049,794321
5,2050,802359
6,2020,605945
6,2021,612395
6,2022,619167
6,2023,625772
6,2024,632514
6,2025,639022
6,2026,645636
6,2027,652217
6,2028,658865
6,2029,665349
6,2030,671873
6,2031,678334
6,2032,684845
6,2033,691437
6,2034,697944
6,2035,704412
6,2036,710854
6,2037,717476
6,2038,724026
6,2039,730422
6,2040,736843
6,2041,743205
6,2042,749658
6,2043,756060
6,2044,762520
6,2045,769001
6,2046,775272
6,2047,781650
6,2048,787950
6,2049,794405
6,2050,802488
