1,0,163313
1,1,169104
1,2,170923
1,3,173459
1,4,176474
1,5,179806
1,6,183550
1,7,187309
1,8,191164
1,9,195178
1,10,199286
1,11,203376
1,12,207412
1,13,211778
1,14,216145
1,15,220414
1,16,224639
1,17,228945
1,18,233222
1,19,237452
1,20,241635
1,21,245777
1,22,249906
1,23,254039
1,24,258150
1,25,261984
1,26,265869
1,27,269810
1,28,273523
1,29,277174
1,30,283300
1,31,290892
1,32,297995
1,33,304671
1,34,310990
1,35,316859
1,36,322517
1,37,327778
1,38,332724
1,39,337604
1,40,342054
1,41,346088
1,42,349916
1,43,353573
1,44,356919
1,45,360217
1,46,363102
1,47,365853
1,48,368469
1,49,370842
1,50,373041
1,51,377430
1,52,380429
1,53,383093
1,54,385617
1,55,388076
1,56,390482
1,57,392648
1,58,394917
1,59,397129
1,60,398694
1,61,400243
1,62,401695
1,63,403098
1,64,404412
1,65,405819
1,66,407199
1,67,408524
1,68,409932
1,69,411382
1,70,412582
1,71,413970
1,72,415393
1,73,416821
1,74,418122
1,75,419589
1,76,420854
1,77,422206
1,78,423459
1,79,424785
1,80,425961
1,81,427210
1,82,428474
1,83,429773
1,84,431033
1,85,432144
1,86,433465
1,87,434573
1,88,435697
1,89,436844
1,90,438069
1,91,439151
1,92,440372
1,93,441478
1,94,442566
1,95,443738
1,96,444869
1,97,445941
1,98,447072
1,99,448229
1,100,449320
1,101,450443
1,102,451469
1,103,452476
1,104,453662
1,105,454643
1,106,455475
1,107,456395
1,108,457377
1,109,458233
1,110,459241
1,111,460239
1,112,461048
1,113,461932
1,114,462830
1,115,463580
1,116,464357
1,117,465356
1,118,466201
1,119,466943
1,120,467716
1,121,468506
1,122,469266
1,123,470093
1,124,470793
1,125,471511
1,126,472127
1,127,472907
1,128,473620
1,129,474266
1,130,475109
1,131,475771
1,132,476465
1,133,477125
1,134,477875
1,135,478544
1,136,479207
1,137,479821
1,138,480382
1,139,480835
1,140,481587
1,141,482204
1,142,482767
1,143,483257
1,144,483907
1,145,484415
1,146,484773
1,147,485277
1,148,485874
1,149,486310
1,150,486877
1,151,487270
1,152,487715
1,153,488243
1,154,488827
1,155,489292
1,156,489726
1,157,490330
1,158,490840
1,159,491130
1,160,491436
1,161,491701
1,162,492026
1,163,492441
1,164,492889
1,165,493383
1,166,493658
1,167,494149
1,168,494617
1,169,494838
1,170,495216
1,171,495619
1,172,495897
1,173,496344
1,174,496671
1,175,496970
1,176,497217
1,177,497525
1,178,497810
1,179,498034
1,180,498301
1,181,498641
1,182,498900
1,183,499082
1,184,499381
1,185,499619
1,186,499880
1,187,500188
1,188,500351
1,189,500614
1,190,500829
1,191,500917
1,192,501205
1,193,501457
1,194,501641
1,195,501941
1,196,502174
1,197,502321
1,198,502547
1,199,502800
1,200,503050
1,201,503380
1,202,503452
1,203,503732
1,204,503908
1,205,504140
1,206,504222
1,207,504499
1,208,504760
1,209,504985
1,210,505267
1,211,505321
1,212,505642
1,213,505863
1,214,506196
1,215,506198
1,216,506422
1,217,506580
1,218,506659
1,219,506728
1,220,506871
1,221,507002
1,222,507249
1,223,507280
1,224,507417
1,225,507458
1,226,507483
1,227,507565
1,228,507778
1,229,507956
1,230,508096
1,231,508263
1,232,508280
1,233,508334
1,234,508366
1,235,508708
1,236,508729
1,237,508813
1,238,508877
1,239,508920
1,240,509167
1,241,509178
1,242,509227
1,243,509433
1,244,509426
1,245,509567
1,246,509719
1,247,509786
1,248,509911
1,249,509977
1,250,510193
1,251,510306
1,252,510393
1,253,510480
1,254,510686
1,255,510827
1,256,510890
1,257,511008
1,258,511070
1,259,511174
1,260,511356
1,261,511605
1,262,511793
1,263,511951
1,264,512022
1,265,512132
1,266,512233
1,267,512296
1,268,512424
1,269,512524
1,270,512665
1,271,512810
1,272,512954
1,273,512938
1,274,513008
1,275,513184
1,276,513324
1,277,513380
1,278,513384
1,279,513288
1,280,513405
1,281,513372
1,282,513489
1,283,513503
1,284,513645
1,285,513723
1,286,513837
1,287,513780
1,288,513850
1,289,513929
1,290,513990
1,291,513960
1,292,514067
1,293,513939
1,294,513885
1,295,513854
1,296,513844
1,297,514128
1,298,514297
1,299,514287
1,300,514391
1,301,514365
1,302,514279
1,303,514340
1,304,514465
1,305,514667
1,306,514727
1,307,514810
1,308,514898
1,309,514733
1,310,514763
1,311,514856
1,312,514827
1,313,514791
1,314,514777
1,315,514977
1,316,514991
1,317,515016
1,318,515032
1,319,515092
1,320,515025
1,321,515063
1,322,515122
1,323,515161
1,324,515239
1,325,515238
1,326,515427
1,327,515575
1,328,515527
1,329,515766
1,330,515710
1,331,515923
1,332,515988
1,333,516042
1,334,515982
1,335,515986
1,336,515936
1,337,515954
1,338,516058
1,339,516081
1,340,516012
1,341,515840
1,342,515900
1,343,515962
1,344,515998
1,345,516225
1,346,516307
1,347,516288
1,348,516126
1,349,516121
1,350,516250
1,351,516238
1,352,516331
1,353,516554
1,354,516684
1,355,516569
1,356,516636
1,357,516704
1,358,516772
1,359,516723
1,360,516782
1,361,517020
1,362,517049
1,363,517218
1,364,517380
1,365,517266
1,366,517312
1,367,517257
1,368,517153
1,369,517306
1,370,517469
1,371,517592
1,372,517635
1,373,517515
1,374,517463
1,375,517465
1,376,517447
1,377,517467
1,378,517515
1,379,517528
1,380,517621
1,381,517670
1,382,517743
1,383,517692
1,384,517712
1,385,517853
1,386,517790
1,387,517738
1,388,517789
1,389,517797
1,390,517868
1,391,517928
1,392,518044
1,393,518044
1,394,517960
1,395,517871
1,396,517838
1,397,517892
1,398,517718
1,399,517657
1,400,517682
1,401,517748
1,402,517730
1,403,517768
1,404,517668
1,405,517648
1,406,517725
1,407,517554
1,408,517663
1,409,517703
1,410,517711
1,411,517619
1,412,517645
1,413,517623
1,414,517607
1,415,517577
1,416,517597
1,417,517621
1,418,517655
1,419,517634
1,420,517549
1,421,517530
1,422,517516
1,423,517516
1,424,517455
1,425,517447
1,426,517610
1,427,517531
1,428,517476
1,429,517423
1,430,517289
1,431,517386
1,432,517414
1,433,517393
1,434,517447
1,435,517320
1,436,517391
1,437,517427
1,438,517391
1,439,517289
1,440,517269
1,441,517203
1,442,517195
1,443,517248
1,444,517268
1,445,517274
1,446,517248
1,447,517108
1,448,517057
1,449,517018
1,450,517079
1,451,516962
1,452,517125
1,453,517080
1,454,517163
1,455,517093
1,456,516988
1,457,517011
1,458,516915
1,459,516779
1,460,516774
1,461,516752
1,462,516783
1,463,516903
1,464,516804
1,465,516805
1,466,516637
1,467,516665
1,468,516650
1,469,516668
1,470,516690
1,471,516823
1,472,516755
1,473,516726
1,474,516750
1,475,516771
1,476,516751
1,477,516786
1,478,516890
1,479,516886
1,480,516931
1,481,516897
1,482,516791
1,483,516785
1,484,516748
1,485,516675
1,486,516748
1,487,516786
1,488,516825
1,489,516786
1,490,516833
1,491,516739
1,492,516698
1,493,516668
1,494,516709
1,495,516739
1,496,516798
1,497,516871
1,498,516854
1,499,516857
1,500,516887
1,501,516980
1,502,516931
1,503,516958
1,504,516967
1,505,517095
1,506,517146
1,507,517235
1,508,517234
1,509,517265
1,510,517281
1,511,517305
1,512,517266
1,513,517186
1,514,517143
1,515,517154
1,516,517088
1,517,517006
1,518,517109
1,519,517189
1,520,517241
1,521,517237
1,522,517147
1,523,517109
1,524,517144
1,525,517176
1,526,517314
1,527,517293
1,528,517226
1,529,517279
1,530,517309
1,531,517359
1,532,517235
1,533,517226
1,534,517203
1,535,517189
1,536,517142
1,537,517314
1,538,517403
1,539,517316
1,540,517345
1,541,517315
1,542,517421
1,543,517531
1,544,517520
1,545,517457
1,546,517516
1,547,517536
1,548,517575
1,549,517540
1,550,517534
1,551,517635
1,552,517638
1,553,517655
1,554,517686
1,555,517636
1,556,517785
1,557,517842
1,558,517812
1,559,517768
1,560,517858
1,561,517999
1,562,518034
1,563,517984
1,564,517915
1,565,517813
1,566,517772
1,567,517764
1,568,517565
1,569,517600
1,570,517517
1,571,517370
1,572,517473
1,573,517576
1,574,517487
1,575,517385
1,576,517179
1,577,517244
1,578,517167
1,579,517162
1,580,517213
1,581,517308
1,582,517309
1,583,517465
1,584,517380
1,585,517340
1,586,517297
1,587,517353
1,588,517372
1,589,517573
1,590,517603
1,591,517684
1,592,517648
1,593,517598
1,594,517662
1,595,517533
1,596,517436
1,597,517255
1,598,517276
1,599,517272
1,600,517223
1,601,517307
1,602,517329
1,603,517363
1,604,517415
1,605,517459
1,606,517385
1,607,517340
1,608,517405
1,609,517479
1,610,517491
1,611,517449
1,612,517493
1,613,517506
1,614,517521
1,615,517445
1,616,517363
1,617,517283
1,618,517307
1,619,517240
1,620,517173
1,621,517249
1,622,517159
1,623,517156
1,624,517250
1,625,517199
1,626,517252
1,627,517283
1,628,517522
1,629,517507
1,630,517430
1,631,517421
1,632,517288
1,633,517269
1,634,517229
1,635,517110
1,636,517071
1,637,517064
1,638,517193
1,639,517146
1,640,517127
1,641,517009
1,642,517124
1,643,517216
1,644,517115
1,645,517057
1,646,517030
1,647,517131
1,648,517208
1,649,517342
1,650,517336
1,651,517429
1,652,517451
1,653,517389
1,654,517340
1,655,517392
1,656,517324
1,657,517311
1,658,517249
1,659,517207
1,660,517136
1,661,517143
1,662,517171
1,663,517017
1,664,517242
1,665,517234
1,666,517167
1,667,517238
1,668,517186
1,669,517130
1,670,516963
1,671,516905
1,672,516941
1,673,517117
1,674,517158
1,675,517215
1,676,517254
1,677,517137
1,678,517269
1,679,517408
1,680,517409
1,681,517485
1,682,517470
1,683,517601
1,684,517654
1,685,517760
1,686,517768
1,687,517720
1,688,517719
1,689,517770
1,690,517798
1,691,517882
1,692,517910
1,693,517862
1,694,517920
1,695,517931
1,696,518014
1,697,517806
1,698,517700
1,699,517691
1,700,517560
1,701,517526
1,702,517531
1,703,517580
1,704,517495
1,705,517473
1,706,517383
1,707,517387
1,708,517226
1,709,517116
1,710,517083
1,711,516966
1,712,516956
1,713,516979
1,714,517031
1,715,516989
1,716,517127
1,717,517166
1,718,517185
1,719,517210
1,720,517319
1,721,517404
1,722,517459
1,723,517532
1,724,517411
1,725,517457
1,726,517519
1,727,517394
1,728,517333
1,729,517422
1,730,517470
1,731,517548
1,732,517651
1,733,517582
1,734,517593
1,735,517435
1,736,517408
1,737,517470
1,738,517488
1,739,517545
1,740,517491
1,741,517409
1,742,517357
1,743,517342
1,744,517318
1,745,517421
1,746,517483
1,747,517480
1,748,517506
1,749,517637
1,750,517601
1,751,517608
1,752,517601
1,753,517501
1,754,517536
1,755,517583
1,756,517551
1,757,517573
1,758,517572
1,759,517548
1,760,517659
1,761,517652
1,762,517868
1,763,517827
1,764,517710
1,765,517736
1,766,517819
1,767,517771
1,768,517801
1,769,517655
1,770,517662
1,771,517518
1,772,517636
1,773,517650
1,774,517715
1,775,517641
1,776,517659
1,777,517761
1,778,517806
1,779,517743
1,780,517628
1,781,517629
1,782,517640
1,783,517488
1,784,517500
1,785,517623
1,786,517583
1,787,517477
1,788,517616
1,789,517512
1,790,517549
1,791,517557
1,792,517606
1,793,517727
1,794,517832
1,795,517577
1,796,517551
1,797,517664
1,798,517598
1,799,517590
1,800,517559
1,801,517459
1,802,517498
1,803,517576
1,804,517530
1,805,517535
1,806,517666
1,807,517469
1,808,517498
1,809,517571
1,810,517323
1,811,517295
1,812,517348
1,813,517437
1,814,517574
1,815,517763
1,816,517714
1,817,517660
1,818,517552
1,819,517630
1,820,517658
1,821,517584
1,822,517631
1,823,517599
1,824,517494
1,825,517526
1,826,517710
1,827,517774
1,828,517872
1,829,517933
1,830,518022
1,831,518016
1,832,517971
1,833,517944
1,834,517809
1,835,517905
1,836,517980
1,837,517882
1,838,517890
1,839,517691
1,840,517751
1,841,517704
1,842,517863
1,843,517894
1,844,517798
1,845,517743
1,846,517742
1,847,517500
1,848,517607
1,849,517674
1,850,517761
1,851,517744
1,852,517852
1,853,517736
1,854,517787
1,855,517761
1,856,517636
1,857,517556
1,858,517505
1,859,517449
1,860,517381
1,861,517387
1,862,517409
1,863,517395
1,864,517494
1,865,517497
1,866,517565
1,867,517576
1,868,517651
1,869,517561
1,870,517461
1,871,517362
1,872,517327
1,873,517310
1,874,517323
1,875,517429
1,876,517553
1,877,517483
1,878,517554
1,879,517554
1,880,517665
1,881,517603
1,882,517623
1,883,517763
1,884,517843
1,885,517895
1,886,518016
1,887,518072
1,888,518084
1,889,518048
1,890,518049
1,891,518049
1,892,517986
1,893,517949
1,894,518030
1,895,518049
1,896,518139
1,897,518110
1,898,518081
1,899,518075
1,900,518054
1,901,517980
1,902,517965
1,903,517920
1,904,517738
1,905,517774
1,906,517806
1,907,517691
1,908,517636
1,909,517654
1,910,517656
1,911,517566
1,912,517456
1,913,517551
1,914,517634
1,915,517543
1,916,517525
1,917,517573
1,918,517644
1,919,517656
1,920,517556
1,921,517406
1,922,517541
1,923,517552
1,924,517564
1,925,517600
1,926,517652
1,927,517674
1,928,517726
1,929,517783
1,930,517807
1,931,517800
1,932,517888
1,933,517893
1,934,517753
1,935,517666
1,936,517559
1,937,517477
1,938,517352
1,939,517383
1,940,517359
1,941,517363
1,942,517431
1,943,517310
1,944,517300
1,945,517212
1,946,517212
1,947,517133
1,948,517166
1,949,517405
1,950,517469
1,951,517378
1,952,517495
1,953,517522
1,954,517509
1,955,517496
1,956,517522
1,957,517563
1,958,517702
1,959,517673
1,960,517694
1,961,517679
1,962,517732
1,963,517787
1,964,517845
1,965,517747
1,966,517805
1,967,517862
1,968,517818
1,969,517798
1,970,517814
1,971,517908
1,972,517998
1,973,517869
1,974,517982
1,975,517881
1,976,517873
1,977,517696
1,978,517634
1,979,517645
1,980,517664
1,981,517574
1,982,517535
1,983,517590
1,984,517657
1,985,517576
1,986,517856
1,987,517908
1,988,517904
1,989,517793
1,990,517737
1,991,517859
1,992,517868
1,993,517941
1,994,517961
1,995,517885
1,996,517805
1,997,517708
1,998,517722
1,999,517787
1,1000,517835
2,0,163344
2,1,169018
2,2,170799
2,3,173417
2,4,176640
2,5,179848
2,6,183562
2,7,187335
2,8,191311
2,9,195235
2,10,199458
2,11,203717
2,12,207982
2,13,212153
2,14,216556
2,15,220835
2,16,225096
2,17,229498
2,18,233732
2,19,237915
2,20,242140
2,21,246325
2,22,250364
2,23,254413
2,24,258308
2,25,262273
2,26,266054
2,27,269863
2,28,273685
2,29,277460
2,30,283693
2,31,291076
2,32,298015
2,33,304703
2,34,310979
2,35,316900
2,36,322518
2,37,328046
2,38,333162
2,39,337952
2,40,342230
2,41,346412
2,42,350383
2,43,354070
2,44,357413
2,45,360614
2,46,363505
2,47,366402
2,48,369013
2,49,371359
2,50,373396
2,51,377736
2,52,380622
2,53,383328
2,54,385750
2,55,388355
2,56,390580
2,57,392886
2,58,395068
2,59,397173
2,60,398657
2,61,400144
2,62,401589
2,63,402907
2,64,404331
2,65,405704
2,66,407186
2,67,408563
2,68,409945
2,69,411311
2,70,412663
2,71,414059
2,72,415520
2,73,416805
2,74,418163
2,75,419384
2,76,420614
2,77,422054
2,78,423317
2,79,424598
2,80,425962
2,81,427460
2,82,428767
2,83,430033
2,84,431309
2,85,432489
2,86,433732
2,87,434953
2,88,436244
2,89,437484
2,90,438779
2,91,440014
2,92,441337
2,93,442363
2,94,443410
2,95,444440
2,96,445574
2,97,446706
2,98,447905
2,99,448775
2,100,449804
2,101,450792
2,102,451770
2,103,452808
2,104,453801
2,105,454873
2,106,455823
2,107,456724
2,108,457705
2,109,458647
2,110,459661
2,111,460512
2,112,461370
2,113,462301
2,114,463305
2,115,464176
2,116,465005
2,117,465779
2,118,466587
2,119,467323
2,120,468046
2,121,468681
2,122,469431
2,123,470263
2,124,470911
2,125,471641
2,126,472320
2,127,473046
2,128,473634
2,129,474379
2,130,475055
2,131,475789
2,132,476320
2,133,476962
2,134,477664
2,135,478272
2,136,479072
2,137,479758
2,138,480357
2,139,480877
2,140,481406
2,141,481997
2,142,482567
2,143,483178
2,144,483681
2,145,484329
2,146,484899
2,147,485343
2,148,485883
2,149,486457
2,150,486990
2,151,487378
2,152,487760
2,153,488344
2,154,488758
2,155,489156
2,156,489680
2,157,490152
2,158,490646
2,159,491190
2,160,491630
2,161,492141
2,162,492709
2,163,492913
2,164,493232
2,165,493476
2,166,493646
2,167,494028
2,168,494393
2,169,494635
2,170,495100
2,171,495348
2,172,495625
2,173,496114
2,174,496456
2,175,496894
2,176,497229
2,177,497404
2,178,497714
2,179,498161
2,180,498369
2,181,498745
2,182,499106
2,183,499256
2,184,499606
2,185,499823
2,186,500027
2,187,500481
2,188,500630
2,189,500786
2,190,500942
2,191,501295
2,192,501730
2,193,501974
2,194,502185
2,195,502364
2,196,502716
2,197,503042
2,198,503334
2,199,503622
2,200,503742
2,201,503926
2,202,504173
2,203,504311
2,204,504533
2,205,504739
2,206,504819
2,207,504818
2,208,504916
2,209,505037
2,210,505390
2,211,505654
2,212,505795
2,213,505942
2,214,506150
2,215,506364
2,216,506559
2,217,506761
2,218,506967
2,219,507129
2,220,507334
2,221,507466
2,222,507580
2,223,507588
2,224,507556
2,225,507727
2,226,507927
2,227,508137
2,228,508366
2,229,508494
2,230,508651
2,231,508831
2,232,509059
2,233,509184
2,234,509398
2,235,509379
2,236,509378
2,237,509464
2,238,509631
2,239,509803
2,240,509918
2,241,510062
2,242,510120
2,243,510278
2,244,510505
2,245,510639
2,246,510765
2,247,510966
2,248,511014
2,249,511235
2,250,511332
2,251,511408
2,252,511481
2,253,511464
2,254,511589
2,255,511606
2,256,511592
2,257,511770
2,258,511774
2,259,511912
2,260,512031
2,261,512063
2,262,512262
2,263,512390
2,264,512739
2,265,512768
2,266,512784
2,267,512800
2,268,512796
2,269,512929
2,270,512980
2,271,513145
2,272,513060
2,273,513211
2,274,513381
2,275,513322
2,276,513362
2,277,513487
2,278,513658
2,279,513824
2,280,513785
2,281,513817
2,282,513867
2,283,513876
2,284,513868
2,285,514012
2,286,514083
2,287,514117
2,288,514201
2,289,514114
2,290,514235
2,291,514181
2,292,514197
2,293,514283
2,294,514309
2,295,514438
2,296,514479
2,297,514603
2,298,514637
2,299,514815
2,300,514690
2,301,514707
2,302,514700
2,303,514732
2,304,514851
2,305,514998
2,306,515159
2,307,515180
2,308,515237
2,309,515188
2,310,515241
2,311,515280
2,312,515246
2,313,515341
2,314,515336
2,315,515370
2,316,515369
2,317,515334
2,318,515310
2,319,515157
2,320,515351
2,321,515367
2,322,515590
2,323,515638
2,324,515726
2,325,515741
2,326,515912
2,327,516018
2,328,516062
2,329,515967
2,330,516070
2,331,515991
2,332,515991
2,333,515999
2,334,516097
2,335,516202
2,336,516313
2,337,516252
2,338,516165
2,339,516141
2,340,516258
2,341,516254
2,342,516597
2,343,516822
2,344,516769
2,345,516895
2,346,516972
2,347,516911
2,348,517075
2,349,517091
2,350,517083
2,351,517047
2,352,517027
2,353,517105
2,354,517143
2,355,517140
2,356,517172
2,357,517286
2,358,517308
2,359,517387
2,360,517400
2,361,517394
2,362,517389
2,363,517455
2,364,517546
2,365,517600
2,366,517504
2,367,517398
2,368,517470
2,369,517586
2,370,517486
2,371,517497
2,372,517450
2,373,517707
2,374,517677
2,375,517531
2,376,517523
2,377,517438
2,378,517274
2,379,517299
2,380,517297
2,381,517132
2,382,517094
2,383,517096
2,384,517089
2,385,517255
2,386,517344
2,387,517272
2,388,517255
2,389,517053
2,390,517000
2,391,517022
2,392,516890
2,393,516812
2,394,516847
2,395,516847
2,396,516865
2,397,516855
2,398,516861
2,399,516821
2,400,516820
2,401,516847
2,402,516917
2,403,516973
2,404,517088
2,405,517086
2,406,517120
2,407,516996
2,408,516901
2,409,516896
2,410,516966
2,411,516971
2,412,516976
2,413,516891
2,414,516837
2,415,516838
2,416,516925
2,417,516939
2,418,516929
2,419,516706
2,420,516755
2,421,516909
2,422,517046
2,423,517020
2,424,516957
2,425,516879
2,426,517128
2,427,517114
2,428,517331
2,429,517411
2,430,517318
2,431,517403
2,432,517393
2,433,517518
2,434,517594
2,435,517412
2,436,517427
2,437,517513
2,438,517582
2,439,517539
2,440,517499
2,441,517439
2,442,517510
2,443,517472
2,444,517411
2,445,517532
2,446,517522
2,447,517469
2,448,517434
2,449,517595
2,450,517574
2,451,517528
2,452,517525
2,453,517706
2,454,517698
2,455,517576
2,456,517424
2,457,517422
2,458,517347
2,459,517341
2,460,517337
2,461,517265
2,462,517325
2,463,517212
2,464,517280
2,465,517096
2,466,517113
2,467,517234
2,468,517302
2,469,517328
2,470,517406
2,471,517401
2,472,517232
2,473,517220
2,474,517285
2,475,517335
2,476,517561
2,477,517626
2,478,517540
2,479,517728
2,480,517653
2,481,517512
2,482,517515
2,483,517616
2,484,517595
2,485,517512
2,486,517465
2,487,517399
2,488,517438
2,489,517434
2,490,517494
2,491,517464
2,492,517372
2,493,517559
2,494,517544
2,495,517463
2,496,517548
2,497,517615
2,498,517756
2,499,517886
2,500,517768
2,501,517803
2,502,517750
2,503,517671
2,504,517754
2,505,517825
2,506,517844
2,507,517789
2,508,517739
2,509,517849
2,510,517930
2,511,517952
2,512,517777
2,513,517854
2,514,517908
2,515,517857
2,516,517806
2,517,517675
2,518,517729
2,519,517716
2,520,517658
2,521,517726
2,522,517729
2,523,517817
2,524,517799
2,525,517746
2,526,517914
2,527,517857
2,528,518039
2,529,517993
2,530,518085
2,531,518276
2,532,518341
2,533,518193
2,534,518178
2,535,518186
2,536,518262
2,537,518431
2,538,518296
2,539,518383
2,540,518386
2,541,518404
2,542,518442
2,543,518561
2,544,518566
2,545,518595
2,546,518520
2,547,518440
2,548,518441
2,549,518535
2,550,518337
2,551,518354
2,552,518429
2,553,518360
2,554,518219
2,555,518035
2,556,517903
2,557,517972
2,558,518040
2,559,518088
2,560,518170
2,561,518143
2,562,518186
2,563,518206
2,564,518262
2,565,518234
2,566,518312
2,567,518450
2,568,518513
2,569,518491
2,570,518433
2,571,518460
2,572,518353
2,573,518214
2,574,518290
2,575,518290
2,576,518196
2,577,518164
2,578,518011
2,579,517793
2,580,517839
2,581,517808
2,582,517915
2,583,517951
2,584,517905
2,585,517951
2,586,517878
2,587,517946
2,588,517957
2,589,517887
2,590,517730
2,591,517659
2,592,517775
2,593,517631
2,594,517603
2,595,517574
2,596,517657
2,597,517647
2,598,517576
2,599,517565
2,600,517504
2,601,517710
2,602,517629
2,603,517609
2,604,517667
2,605,517628
2,606,517716
2,607,517786
2,608,517757
2,609,517795
2,610,517756
2,611,517648
2,612,517700
2,613,517613
2,614,517515
2,615,517571
2,616,517672
2,617,517584
2,618,517533
2,619,517503
2,620,517486
2,621,517540
2,622,517463
2,623,517403
2,624,517329
2,625,517224
2,626,517107
2,627,517214
2,628,517247
2,629,517179
2,630,516979
2,631,517144
2,632,517085
2,633,517125
2,634,517131
2,635,517183
2,636,517097
2,637,516970
2,638,516968
2,639,516960
2,640,516915
2,641,517072
2,642,517089
2,643,517006
2,644,517023
2,645,516919
2,646,516881
2,647,516834
2,648,516848
2,649,516924
2,650,516924
2,651,516833
2,652,516738
2,653,516758
2,654,516666
2,655,516590
2,656,516767
2,657,516915
2,658,516846
2,659,516948
2,660,517083
2,661,517127
2,662,517223
2,663,517263
2,664,517236
2,665,517209
2,666,517183
2,667,517184
2,668,517216
2,669,517087
2,670,517088
2,671,517146
2,672,517159
2,673,517255
2,674,517302
2,675,517305
2,676,517206
2,677,517164
2,678,517089
2,679,517155
2,680,517193
2,681,517033
2,682,517055
2,683,517127
2,684,517164
2,685,517298
2,686,517274
2,687,517317
2,688,517399
2,689,517399
2,690,517409
2,691,517438
2,692,517456
2,693,517489
2,694,517449
2,695,517491
2,696,517614
2,697,517595
2,698,517596
2,699,517502
2,700,517532
2,701,517531
2,702,517603
2,703,517664
2,704,517787
2,705,517864
2,706,517945
2,707,517962
2,708,518133
2,709,518149
2,710,518223
2,711,518175
2,712,518129
2,713,518209
2,714,518223
2,715,518115
2,716,518175
2,717,517983
2,718,517975
2,719,518023
2,720,517960
2,721,517877
2,722,517812
2,723,517834
2,724,517832
2,725,517891
2,726,517900
2,727,517841
2,728,517936
2,729,517948
2,730,518052
2,731,518090
2,732,518147
2,733,518164
2,734,518273
2,735,518183
2,736,518384
2,737,518428
2,738,518468
2,739,518614
2,740,518584
2,741,518752
2,742,518645
2,743,518650
2,744,518727
2,745,518767
2,746,518802
2,747,518802
2,748,518869
2,749,518862
2,750,518902
2,751,518827
2,752,518903
2,753,518833
2,754,519003
2,755,518802
2,756,518806
2,757,518817
2,758,518785
2,759,518641
2,760,518683
2,761,518762
2,762,518803
2,763,518799
2,764,518767
2,765,518730
2,766,518666
2,767,518768
2,768,518726
2,769,518730
2,770,518756
2,771,518657
2,772,518636
2,773,518724
2,774,518751
2,775,518805
2,776,518762
2,777,518727
2,778,518684
2,779,518474
2,780,518580
2,781,518632
2,782,518412
2,783,518373
2,784,518328
2,785,518287
2,786,518296
2,787,518360
2,788,518202
2,789,518191
2,790,518110
2,791,517950
2,792,517991
2,793,517871
2,794,517827
2,795,517806
2,796,517779
2,797,517795
2,798,517881
2,799,517851
2,800,517801
2,801,517871
2,802,517775
2,803,517659
2,804,517586
2,805,517539
2,806,517645
2,807,517594
2,808,517654
2,809,517556
2,810,517628
2,811,517763
2,812,517630
2,813,517467
2,814,517332
2,815,517300
2,816,517267
2,817,517198
2,818,517149
2,819,517085
2,820,517079
2,821,517155
2,822,517047
2,823,517056
2,824,517064
2,825,517218
2,826,517269
2,827,517299
2,828,517196
2,829,517225
2,830,517082
2,831,516996
2,832,516940
2,833,516883
2,834,516908
2,835,516938
2,836,517022
2,837,517109
2,838,517240
2,839,517277
2,840,517280
2,841,517318
2,842,517342
2,843,517282
2,844,517396
2,845,517415
2,846,517479
2,847,517491
2,848,517392
2,849,517391
2,850,517526
2,851,517419
2,852,517437
2,853,517417
2,854,517370
2,855,517465
2,856,517272
2,857,517365
2,858,517362
2,859,517360
2,860,517243
2,861,517380
2,862,517349
2,863,517274
2,864,517423
2,865,517308
2,866,517298
2,867,517294
2,868,517326
2,869,517399
2,870,517145
2,871,517223
2,872,517354
2,873,517234
2,874,517265
2,875,517282
2,876,517140
2,877,517126
2,878,517109
2,879,517258
2,880,517159
2,881,517088
2,882,517171
2,883,517207
2,884,517032
2,885,517057
2,886,517075
2,887,516969
2,888,517049
2,889,517072
2,890,517022
2,891,517177
2,892,517117
2,893,517125
2,894,517220
2,895,517112
2,896,517222
2,897,517161
2,898,517135
2,899,517099
2,900,517281
2,901,517129
2,902,517257
2,903,517384
2,904,517504
2,905,517548
2,906,517411
2,907,517558
2,908,517729
2,909,517605
2,910,517587
2,911,517612
2,912,517676
2,913,517731
2,914,517639
2,915,517758
2,916,517874
2,917,517938
2,918,517940
2,919,518067
2,920,518126
2,921,518066
2,922,518156
2,923,518351
2,924,518352
2,925,518280
2,926,518349
2,927,518316
2,928,518431
2,929,518553
2,930,518535
2,931,518444
2,932,518512
2,933,518588
2,934,518645
2,935,518514
2,936,518590
2,937,518543
2,938,518634
2,939,518632
2,940,518589
2,941,518585
2,942,518548
2,943,518750
2,944,518685
2,945,518738
2,946,518619
2,947,518614
2,948,518489
2,949,518543
2,950,518608
2,951,518591
2,952,518535
2,953,518551
2,954,518403
2,955,518311
2,956,518365
2,957,518452
2,958,518381
2,959,518318
2,960,518280
2,961,518268
2,962,518229
2,963,518325
2,964,518336
2,965,518391
2,966,518352
2,967,518323
2,968,518360
2,969,518290
2,970,518310
2,971,518448
2,972,518329
2,973,518194
2,974,518198
2,975,518134
2,976,518263
2,977,518287
2,978,518236
2,979,518192
2,980,518314
2,981,518283
2,982,518327
2,983,518263
2,984,518147
2,985,518084
2,986,517982
2,987,518036
2,988,518029
2,989,518052
2,990,518095
2,991,518053
2,992,518064
2,993,517977
2,994,517984
2,995,518057
2,996,517987
2,997,517947
2,998,518115
2,999,518074
2,1000,517951
3,0,163763
3,1,169626
3,2,171456
3,3,173999
3,4,176947
3,5,180256
3,6,184021
3,7,187890
3,8,191904
3,9,195949
3,10,200182
3,11,204459
3,12,208785
3,13,212892
3,14,217225
3,15,221581
3,16,225823
3,17,230082
3,18,234349
3,19,238439
3,20,242567
3,21,246586
3,22,250753
3,23,254788
3,24,258866
3,25,262815
3,26,266537
3,27,270327
3,28,274165
3,29,277777
3,30,284160
3,31,291701
3,32,298733
3,33,305571
3,34,311926
3,35,317910
3,36,323516
3,37,328777
3,38,333828
3,39,338633
3,40,343046
3,41,347118
3,42,350956
3,43,354625
3,44,357909
3,45,360944
3,46,363898
3,47,366686
3,48,369292
3,49,371828
3,50,374044
3,51,378325
3,52,381182
3,53,383832
3,54,386449
3,55,388912
3,56,391309
3,57,393481
3,58,395779
3,59,397990
3,60,399689
3,61,401243
3,62,402698
3,63,404175
3,64,405525
3,65,406954
3,66,408258
3,67,409674
3,68,411031
3,69,412406
3,70,413806
3,71,415163
3,72,416496
3,73,417747
3,74,418866
3,75,420069
3,76,421446
3,77,422746
3,78,424064
3,79,425253
3,80,426491
3,81,427614
3,82,428900
3,83,430212
3,84,431596
3,85,432875
3,86,434064
3,87,435247
3,88,436436
3,89,437564
3,90,438833
3,91,440098
3,92,441313
3,93,442484
3,94,443481
3,95,444528
3,96,445663
3,97,446673
3,98,447647
3,99,448777
3,100,449742
3,101,450778
3,102,452062
3,103,453070
3,104,454032
3,105,455056
3,106,455972
3,107,456992
3,108,457789
3,109,458665
3,110,459466
3,111,460391
3,112,461343
3,113,462231
3,114,463148
3,115,463976
3,116,464678
3,117,465345
3,118,466249
3,119,467126
3,120,467907
3,121,468782
3,122,469545
3,123,470254
3,124,471067
3,125,471901
3,126,472668
3,127,473314
3,128,474035
3,129,474594
3,130,475327
3,131,476054
3,132,476735
3,133,477320
3,134,477800
3,135,478348
3,136,478959
3,137,479593
3,138,480286
3,139,480965
3,140,481599
3,141,482279
3,142,482750
3,143,483270
3,144,483810
3,145,484405
3,146,484910
3,147,485475
3,148,485837
3,149,486249
3,150,486829
3,151,487321
3,152,487745
3,153,488178
3,154,488502
3,155,488969
3,156,489437
3,157,489838
3,158,490192
3,159,490727
3,160,491313
3,161,491695
3,162,492129
3,163,492412
3,164,492814
3,165,493238
3,166,493436
3,167,493781
3,168,494273
3,169,494638
3,170,494942
3,171,495306
3,172,495733
3,173,496106
3,174,496326
3,175,496631
3,176,497071
3,177,497497
3,178,497918
3,179,498263
3,180,498710
3,181,499063
3,182,499391
3,183,499817
3,184,500102
3,185,500516
3,186,500756
3,187,500957
3,188,501083
3,189,501520
3,190,501742
3,191,501927
3,192,502163
3,193,502335
3,194,502613
3,195,502836
3,196,503104
3,197,503132
3,198,503251
3,199,503503
3,200,503951
3,201,504244
3,202,504408
3,203,504680
3,204,505051
3,205,505238
3,206,505521
3,207,505718
3,208,505965
3,209,506096
3,210,506274
3,211,506478
3,212,506620
3,213,506721
3,214,506720
3,215,506984
3,216,507027
3,217,507192
3,218,507451
3,219,507736
3,220,507878
3,221,508030
3,222,508223
3,223,508353
3,224,508424
3,225,508395
3,226,508451
3,227,508555
3,228,508731
3,229,508843
3,230,508908
3,231,509018
3,232,509123
3,233,509356
3,234,509540
3,235,509646
3,236,509773
3,237,509830
3,238,510052
3,239,510265
3,240,510350
3,241,510486
3,242,510635
3,243,510710
3,244,510620
3,245,510546
3,246,510720
3,247,510724
3,248,510799
3,249,510812
3,250,510890
3,251,511019
3,252,511037
3,253,510961
3,254,510938
3,255,510950
3,256,511036
3,257,511129
3,258,511165
3,259,511399
3,260,511396
3,261,511464
3,262,511535
3,263,511704
3,264,511797
3,265,511892
3,266,512065
3,267,512158
3,268,512263
3,269,512348
3,270,512555
3,271,512663
3,272,512774
3,273,512787
3,274,512702
3,275,512878
3,276,512956
3,277,513024
3,278,513053
3,279,513321
3,280,513356
3,281,513317
3,282,513245
3,283,513169
3,284,513154
3,285,513196
3,286,513403
3,287,513408
3,288,513441
3,289,513471
3,290,513406
3,291,513488
3,292,513420
3,293,513513
3,294,513680
3,295,513820
3,296,513746
3,297,513921
3,298,514021
3,299,514089
3,300,513968
3,301,513944
3,302,514217
3,303,514377
3,304,514406
3,305,514405
3,306,514419
3,307,514372
3,308,514479
3,309,514498
3,310,514657
3,311,514664
3,312,514770
3,313,514741
3,314,514799
3,315,514860
3,316,514887
3,317,514832
3,318,514845
3,319,514888
3,320,514720
3,321,514896
3,322,514848
3,323,514883
3,324,514976
3,325,515080
3,326,515258
3,327,515359
3,328,515414
3,329,515493
3,330,515648
3,331,515635
3,332,515771
3,333,515919
3,334,515882
3,335,515787
3,336,515929
3,337,515950
3,338,515984
3,339,515965
3,340,516120
3,341,516280
3,342,516279
3,343,516203
3,344,516326
3,345,516233
3,346,516308
3,347,516259
3,348,516174
3,349,516283
3,350,516335
3,351,516382
3,352,516403
3,353,516356
3,354,516437
3,355,516436
3,356,516498
3,357,516559
3,358,516503
3,359,516533
3,360,516542
3,361,516599
3,362,516520
3,363,516468
3,364,516438
3,365,516478
3,366,516432
3,367,516455
3,368,516458
3,369,516333
3,370,516346
3,371,516371
3,372,516413
3,373,516359
3,374,516289
3,375,516158
3,376,516048
3,377,516039
3,378,515921
3,379,515833
3,380,515984
3,381,516109
3,382,516128
3,383,516267
3,384,516345
3,385,516426
3,386,516213
3,387,516217
3,388,516281
3,389,516428
3,390,516479
3,391,516334
3,392,516389
3,393,516343
3,394,516402
3,395,516531
3,396,516503
3,397,516531
3,398,516476
3,399,516325
3,400,516348
3,401,516366
3,402,516356
3,403,516398
3,404,516497
3,405,516551
3,406,516531
3,407,516611
3,408,516567
3,409,516590
3,410,516756
3,411,516721
3,412,516747
3,413,516658
3,414,516766
3,415,516689
3,416,516559
3,417,516576
3,418,516632
3,419,516658
3,420,516505
3,421,516522
3,422,516549
3,423,516630
3,424,516698
3,425,516666
3,426,516621
3,427,516571
3,428,516566
3,429,516545
3,430,516587
3,431,516592
3,432,516507
3,433,516416
3,434,516484
3,435,516596
3,436,516598
3,437,516632
3,438,516671
3,439,516746
3,440,516695
3,441,516749
3,442,516804
3,443,516776
3,444,516766
3,445,516903
3,446,517007
3,447,517083
3,448,517137
3,449,517160
3,450,517291
3,451,517359
3,452,517476
3,453,517438
3,454,517408
3,455,517364
3,456,517435
3,457,517460
3,458,517479
3,459,517406
3,460,517475
3,461,517555
3,462,517427
3,463,517415
3,464,517409
3,465,517380
3,466,517440
3,467,517458
3,468,517548
3,469,517650
3,470,517673
3,471,517720
3,472,517704
3,473,517677
3,474,517658
3,475,517741
3,476,517784
3,477,517946
3,478,517890
3,479,517936
3,480,517751
3,481,517803
3,482,517682
3,483,517660
3,484,517764
3,485,517799
3,486,517831
3,487,517966
3,488,517987
3,489,518041
3,490,518104
3,491,518119
3,492,518130
3,493,518004
3,494,518019
3,495,517829
3,496,517769
3,497,517821
3,498,517823
3,499,517711
3,500,517663
3,501,517712
3,502,517676
3,503,517430
3,504,517405
3,505,517311
3,506,517319
3,507,517466
3,508,517490
3,509,517482
3,510,517598
3,511,517606
3,512,517575
3,513,517562
3,514,517647
3,515,517618
3,516,517746
3,517,517811
3,518,517871
3,519,517835
3,520,517867
3,521,517828
3,522,517807
3,523,517976
3,524,517957
3,525,518023
3,526,518056
3,527,518127
3,528,518045
3,529,518089
3,530,518159
3,531,518091
3,532,518168
3,533,518155
3,534,518223
3,535,518166
3,536,518201
3,537,518125
3,538,518206
3,539,518227
3,540,518140
3,541,518152
3,542,518082
3,543,518098
3,544,518041
3,545,518074
3,546,518017
3,547,518035
3,548,517993
3,549,517931
3,550,517994
3,551,518037
3,552,518313
3,553,518266
3,554,518372
3,555,518272
3,556,518269
3,557,518249
3,558,518173
3,559,518172
3,560,518167
3,561,518233
3,562,518267
3,563,518258
3,564,518302
3,565,518316
3,566,518462
3,567,518362
3,568,518331
3,569,518307
3,570,518302
3,571,518458
3,572,518464
3,573,518442
3,574,518473
3,575,518387
3,576,518379
3,577,518223
3,578,518154
3,579,518251
3,580,518218
3,581,518109
3,582,518107
3,583,518023
3,584,518103
3,585,517800
3,586,517852
3,587,517955
3,588,517763
3,589,517481
3,590,517553
3,591,517724
3,592,517727
3,593,517588
3,594,517632
3,595,517563
3,596,517586
3,597,517699
3,598,517669
3,599,517794
3,600,517775
3,601,517936
3,602,518069
3,603,518220
3,604,518173
3,605,518105
3,606,518112
3,607,518059
3,608,518137
3,609,518036
3,610,518055
3,611,518057
3,612,518071
3,613,517917
3,614,517901
3,615,517867
3,616,517762
3,617,517793
3,618,517872
3,619,517975
3,620,517939
3,621,517865
3,622,517852
3,623,517903
3,624,517958
3,625,517868
3,626,518002
3,627,518084
3,628,518136
3,629,518025
3,630,518095
3,631,518094
3,632,517944
3,633,517969
3,634,517954
3,635,517956
3,636,517951
3,637,517761
3,638,517794
3,639,517712
3,640,517634
3,641,517715
3,642,517693
3,643,517737
3,644,517765
3,645,517811
3,646,517906
3,647,518027
3,648,518064
3,649,518180
3,650,518073
3,651,517972
3,652,518012
3,653,518167
3,654,518274
3,655,518115
3,656,518101
3,657,518096
3,658,518201
3,659,518231
3,660,518204
3,661,518155
3,662,518237
3,663,518270
3,664,518265
3,665,518200
3,666,518165
3,667,518119
3,668,518157
3,669,518063
3,670,518177
3,671,518152
3,672,518196
3,673,518212
3,674,518177
3,675,518147
3,676,518069
3,677,517916
3,678,517951
3,679,517940
3,680,517849
3,681,517832
3,682,517819
3,683,517786
3,684,517790
3,685,517801
3,686,517762
3,687,517742
3,688,517776
3,689,517736
3,690,517744
3,691,517603
3,692,517605
3,693,517681
3,694,517777
3,695,517749
3,696,517726
3,697,517734
3,698,517719
3,699,517634
3,700,517664
3,701,517814
3,702,517803
3,703,517669
3,704,517687
3,705,517502
3,706,517455
3,707,517576
3,708,517640
3,709,517524
3,710,517478
3,711,517401
3,712,517532
3,713,517448
3,714,517370
3,715,517349
3,716,517446
3,717,517411
3,718,517578
3,719,517459
3,720,517491
3,721,517465
3,722,517356
3,723,517431
3,724,517357
3,725,517526
3,726,517578
3,727,517825
3,728,517824
3,729,517786
3,730,517821
3,731,517945
3,732,517959
3,733,517946
3,734,517866
3,735,517824
3,736,517837
3,737,517979
3,738,517991
3,739,518053
3,740,518063
3,741,518091
3,742,518127
3,743,518081
3,744,518046
3,745,518031
3,746,518026
3,747,517944
3,748,518073
3,749,518223
3,750,518271
3,751,518228
3,752,518121
3,753,518057
3,754,518069
3,755,518056
3,756,518076
3,757,518096
3,758,517898
3,759,517863
3,760,517774
3,761,517709
3,762,517730
3,763,517522
3,764,517589
3,765,517588
3,766,517635
3,767,517599
3,768,517676
3,769,517726
3,770,517639
3,771,517647
3,772,517569
3,773,517614
3,774,517538
3,775,517537
3,776,517532
3,777,517502
3,778,517475
3,779,517463
3,780,517254
3,781,517212
3,782,517068
3,783,517219
3,784,517316
3,785,517409
3,786,517394
3,787,517255
3,788,517276
3,789,517297
3,790,517341
3,791,517393
3,792,517277
3,793,517367
3,794,517274
3,795,517334
3,796,517324
3,797,517396
3,798,517353
3,799,517315
3,800,517290
3,801,517297
3,802,517347
3,803,517333
3,804,517411
3,805,517494
3,806,517620
3,807,517662
3,808,517755
3,809,517695
3,810,517737
3,811,517751
3,812,517757
3,813,517820
3,814,517864
3,815,517860
3,816,517811
3,817,517864
3,818,517786
3,819,517715
3,820,517731
3,821,517803
3,822,517766
3,823,517819
3,824,517725
3,825,517707
3,826,517544
3,827,517505
3,828,517455
3,829,517495
3,830,517566
3,831,517532
3,832,517502
3,833,517333
3,834,517301
3,835,517294
3,836,517335
3,837,517447
3,838,517526
3,839,517511
3,840,517539
3,841,517578
3,842,517378
3,843,517461
3,844,517454
3,845,517378
3,846,517263
3,847,517342
3,848,517444
3,849,517305
3,850,517299
3,851,517217
3,852,517154
3,853,517169
3,854,517222
3,855,517290
3,856,517298
3,857,517343
3,858,517224
3,859,517341
3,860,517427
3,861,517363
3,862,517418
3,863,517511
3,864,517578
3,865,517545
3,866,517500
3,867,517627
3,868,517802
3,869,517808
3,870,517828
3,871,517831
3,872,517891
3,873,517796
3,874,517743
3,875,517670
3,876,517558
3,877,517472
3,878,517498
3,879,517485
3,880,517452
3,881,517396
3,882,517440
3,883,517350
3,884,517425
3,885,517322
3,886,517340
3,887,517347
3,888,517268
3,889,517403
3,890,517390
3,891,517425
3,892,517368
3,893,517302
3,894,517372
3,895,517356
3,896,517439
3,897,517527
3,898,517537
3,899,517497
3,900,517428
3,901,517476
3,902,517599
3,903,517699
3,904,517646
3,905,517739
3,906,517600
3,907,517642
3,908,517523
3,909,517514
3,910,517445
3,911,517381
3,912,517255
3,913,517205
3,914,517044
3,915,517137
3,916,517030
3,917,517007
3,918,516971
3,919,516817
3,920,516848
3,921,516823
3,922,516762
3,923,516693
3,924,516803
3,925,516839
3,926,516820
3,927,516854
3,928,516917
3,929,516985
3,930,516947
3,931,516998
3,932,517073
3,933,517119
3,934,517145
3,935,517112
3,936,517010
3,937,517143
3,938,517130
3,939,517148
3,940,517278
3,941,517229
3,942,517171
3,943,517260
3,944,517325
3,945,517335
3,946,517305
3,947,517294
3,948,517361
3,949,517189
3,950,517128
3,951,517098
3,952,517062
3,953,517128
3,954,516996
3,955,517099
3,956,517100
3,957,517022
3,958,516948
3,959,516913
3,960,516883
3,961,516959
3,962,516919
3,963,516980
3,964,517094
3,965,517182
3,966,517241
3,967,517221
3,968,517320
3,969,517292
3,970,517497
3,971,517539
3,972,517598
3,973,517754
3,974,517892
3,975,517851
3,976,517755
3,977,517736
3,978,517659
3,979,517587
3,980,517509
3,981,517559
3,982,517700
3,983,517610
3,984,517595
3,985,517607
3,986,517580
3,987,517631
3,988,517535
3,989,517560
3,990,517529
3,991,517623
3,992,517592
3,993,517633
3,994,517629
3,995,517664
3,996,517859
3,997,517891
3,998,517947
3,999,517822
3,1000,517912
4,0,164071
4,1,169744
4,2,171518
4,3,173945
4,4,176818
4,5,180070
4,6,183611
4,7,187245
4,8,191216
4,9,195253
4,10,199308
4,11,203522
4,12,207588
4,13,211720
4,14,215862
4,15,220068
4,16,224309
4,17,228581
4,18,232966
4,19,236911
4,20,241091
4,21,245303
4,22,249345
4,23,253438
4,24,257375
4,25,261426
4,26,265285
4,27,269189
4,28,272998
4,29,276755
4,30,282768
4,31,290261
4,32,297476
4,33,304273
4,34,310659
4,35,316650
4,36,322400
4,37,327593
4,38,332735
4,39,337342
4,40,341778
4,41,345893
4,42,349697
4,43,353409
4,44,356887
4,45,360071
4,46,363090
4,47,365787
4,48,368462
4,49,370870
4,50,373141
4,51,377400
4,52,380301
4,53,383149
4,54,385836
4,55,388425
4,56,390721
4,57,392820
4,58,395141
4,59,397214
4,60,398724
4,61,400169
4,62,401617
4,63,402964
4,64,404376
4,65,405737
4,66,407173
4,67,408556
4,68,409925
4,69,411250
4,70,412650
4,71,414049
4,72,415398
4,73,416835
4,74,418083
4,75,419317
4,76,420590
4,77,421855
4,78,423183
4,79,424503
4,80,425834
4,81,427114
4,82,428342
4,83,429618
4,84,430974
4,85,432262
4,86,433572
4,87,434765
4,88,435967
4,89,437250
4,90,438466
4,91,439713
4,92,440802
4,93,441877
4,94,442939
4,95,443995
4,96,445122
4,97,446137
4,98,447251
4,99,448389
4,100,449518
4,101,450521
4,102,451537
4,103,452556
4,104,453491
4,105,454424
4,106,455427
4,107,456363
4,108,457384
4,109,458124
4,110,459058
4,111,460047
4,112,460916
4,113,461783
4,114,462546
4,115,463399
4,116,464237
4,117,465080
4,118,465952
4,119,466753
4,120,467589
4,121,468334
4,122,469048
4,123,469777
4,124,470490
4,125,471185
4,126,471760
4,127,472411
4,128,473096
4,129,473876
4,130,474564
4,131,475215
4,132,475858
4,133,476581
4,134,477239
4,135,477800
4,136,478511
4,137,479083
4,138,479808
4,139,480230
4,140,480843
4,141,481363
4,142,481934
4,143,482621
4,144,483027
4,145,483624
4,146,484088
4,147,484701
4,148,485159
4,149,485712
4,150,486233
4,151,486804
4,152,487222
4,153,487768
4,154,488338
4,155,488959
4,156,489387
4,157,489850
4,158,490292
4,159,490689
4,160,491171
4,161,491530
4,162,491852
4,163,492301
4,164,492798
4,165,493314
4,166,493706
4,167,493989
4,168,494269
4,169,494647
4,170,495009
4,171,495391
4,172,495831
4,173,496098
4,174,496593
4,175,496903
4,176,497032
4,177,497351
4,178,497628
4,179,497972
4,180,498541
4,181,498769
4,182,499151
4,183,499587
4,184,499872
4,185,500030
4,186,500220
4,187,500500
4,188,500931
4,189,501253
4,190,501447
4,191,501633
4,192,501854
4,193,502176
4,194,502322
4,195,502622
4,196,502837
4,197,503002
4,198,503184
4,199,503429
4,200,503696
4,201,504026
4,202,504240
4,203,504421
4,204,504635
4,205,504958
4,206,505092
4,207,505071
4,208,505260
4,209,505509
4,210,505575
4,211,505861
4,212,505944
4,213,506104
4,214,506381
4,215,506522
4,216,506627
4,217,506750
4,218,507103
4,219,507180
4,220,507410
4,221,507629
4,222,507734
4,223,507800
4,224,507824
4,225,507963
4,226,508116
4,227,508301
4,228,508464
4,229,508582
4,230,508767
4,231,508978
4,232,509106
4,233,509199
4,234,509335
4,235,509510
4,236,509626
4,237,509757
4,238,509979
4,239,510162
4,240,510374
4,241,510605
4,242,510840
4,243,510970
4,244,510982
4,245,511037
4,246,511170
4,247,511315
4,248,511375
4,249,511538
4,250,511622
4,251,511766
4,252,511827
4,253,511863
4,254,511982
4,255,511911
4,256,512012
4,257,512091
4,258,512125
4,259,512192
4,260,512355
4,261,512420
4,262,512444
4,263,512487
4,264,512468
4,265,512506
4,266,512602
4,267,512838
4,268,512829
4,269,512867
4,270,512876
4,271,512902
4,272,512958
4,273,513003
4,274,513084
4,275,513210
4,276,513374
4,277,513227
4,278,513291
4,279,513123
4,280,513255
4,281,513258
4,282,513261
4,283,513475
4,284,513390
4,285,513563
4,286,513576
4,287,513654
4,288,513634
4,289,513855
4,290,513799
4,291,513855
4,292,513886
4,293,513982
4,294,514100
4,295,514178
4,296,514238
4,297,514340
4,298,514501
4,299,514552
4,300,514694
4,301,514777
4,302,514891
4,303,514961
4,304,514907
4,305,514847
4,306,514983
4,307,515047
4,308,515106
4,309,515216
4,310,515223
4,311,515287
4,312,515448
4,313,515382
4,314,515452
4,315,515501
4,316,515632
4,317,515685
4,318,515930
4,319,516103
4,320,516177
4,321,516169
4,322,516106
4,323,516225
4,324,516206
4,325,516236
4,326,516241
4,327,516244
4,328,516237
4,329,516272
4,330,516202
4,331,516184
4,332,516172
4,333,516240
4,334,516311
4,335,516285
4,336,516486
4,337,516472
4,338,516671
4,339,516709
4,340,516824
4,341,516851
4,342,516925
4,343,516822
4,344,516844
4,345,516979
4,346,516882
4,347,516905
4,348,516778
4,349,516729
4,350,516840
4,351,516867
4,352,516795
4,353,516844
4,354,516837
4,355,516896
4,356,516874
4,357,516720
4,358,516583
4,359,516599
4,360,516563
4,361,516671
4,362,516669
4,363,516671
4,364,516625
4,365,516692
4,366,516650
4,367,516783
4,368,516733
4,369,516700
4,370,516771
4,371,516925
4,372,516892
4,373,516853
4,374,516788
4,375,516831
4,376,516761
4,377,516794
4,378,516774
4,379,516851
4,380,516908
4,381,516952
4,382,516912
4,383,516956
4,384,517081
4,385,517135
4,386,517026
4,387,517025
4,388,517102
4,389,517096
4,390,516995
4,391,517142
4,392,517203
4,393,517094
4,394,517087
4,395,517147
4,396,517131
4,397,517196
4,398,517304
4,399,517387
4,400,517441
4,401,517553
4,402,517523
4,403,517530
4,404,517590
4,405,517429
4,406,517441
4,407,517397
4,408,517392
4,409,517250
4,410,517316
4,411,517340
4,412,517228
4,413,517174
4,414,517174
4,415,517226
4,416,517174
4,417,517336
4,418,517303
4,419,517354
4,420,517347
4,421,517334
4,422,517383
4,423,517353
4,424,517411
4,425,517429
4,426,517529
4,427,517509
4,428,517592
4,429,517519
4,430,517361
4,431,517272
4,432,517428
4,433,517309
4,434,517236
4,435,517261
4,436,517310
4,437,517288
4,438,517304
4,439,517331
4,440,517493
4,441,517554
4,442,517584
4,443,517667
4,444,517577
4,445,517720
4,446,517671
4,447,517602
4,448,517521
4,449,517395
4,450,517458
4,451,517428
4,452,517454
4,453,517545
4,454,517537
4,455,517554
4,456,517562
4,457,517625
4,458,517676
4,459,517630
4,460,517631
4,461,517609
4,462,517578
4,463,517558
4,464,517658
4,465,517801
4,466,517777
4,467,517789
4,468,517733
4,469,517721
4,470,517751
4,471,517735
4,472,517689
4,473,517679
4,474,517733
4,475,517525
4,476,517521
4,477,517633
4,478,517576
4,479,517633
4,480,517609
4,481,517704
4,482,517620
4,483,517679
4,484,517768
4,485,517996
4,486,517988
4,487,518042
4,488,518054
4,489,518103
4,490,518085
4,491,518185
4,492,518328
4,493,518239
4,494,518205
4,495,518187
4,496,518212
4,497,518156
4,498,518199
4,499,518264
4,500,518152
4,501,518153
4,502,518120
4,503,518070
4,504,518181
4,505,518144
4,506,518137
4,507,518213
4,508,518127
4,509,518104
4,510,518000
4,511,518056
4,512,518166
4,513,518108
4,514,518023
4,515,517892
4,516,517855
4,517,517859
4,518,517917
4,519,517889
4,520,517925
4,521,517914
4,522,517957
4,523,517855
4,524,517865
4,525,517753
4,526,517663
4,527,517541
4,528,517600
4,529,517693
4,530,517742
4,531,517633
4,532,517624
4,533,517726
4,534,517688
4,535,517764
4,536,517738
4,537,517678
4,538,517587
4,539,517548
4,540,517560
4,541,517608
4,542,517684
4,543,517695
4,544,517698
4,545,517643
4,546,517588
4,547,517633
4,548,517513
4,549,517573
4,550,517491
4,551,517413
4,552,517403
4,553,517421
4,554,517395
4,555,517403
4,556,517372
4,557,517438
4,558,517291
4,559,517412
4,560,517346
4,561,517342
4,562,517320
4,563,517321
4,564,517365
4,565,517412
4,566,517274
4,567,517314
4,568,517388
4,569,517371
4,570,517423
4,571,517482
4,572,517456
4,573,517429
4,574,517327
4,575,517348
4,576,517381
4,577,517599
4,578,517736
4,579,517694
4,580,517669
4,581,517750
4,582,517762
4,583,517871
4,584,517838
4,585,517759
4,586,517805
4,587,517774
4,588,517784
4,589,517850
4,590,517929
4,591,517935
4,592,517895
4,593,518023
4,594,518158
4,595,518138
4,596,518077
4,597,518107
4,598,518157
4,599,518128
4,600,518091
4,601,518114
4,602,518139
4,603,518220
4,604,518183
4,605,518165
4,606,518190
4,607,518214
4,608,518175
4,609,518165
4,610,518188
4,611,518143
4,612,518142
4,613,518092
4,614,518021
4,615,517995
4,616,518202
4,617,518209
4,618,518234
4,619,518136
4,620,518128
4,621,518100
4,622,518131
4,623,518109
4,624,517956
4,625,517980
4,626,517942
4,627,517808
4,628,517825
4,629,517742
4,630,517817
4,631,517725
4,632,517793
4,633,517685
4,634,517790
4,635,517808
4,636,517754
4,637,517716
4,638,517793
4,639,517790
4,640,517731
4,641,517649
4,642,517688
4,643,517642
4,644,517656
4,645,517651
4,646,517589
4,647,517634
4,648,517542
4,649,517483
4,650,517514
4,651,517592
4,652,517554
4,653,517588
4,654,517486
4,655,517599
4,656,517568
4,657,517588
4,658,517649
4,659,517641
4,660,517575
4,661,517624
4,662,517619
4,663,517644
4,664,517556
4,665,517558
4,666,517430
4,667,517357
4,668,517258
4,669,517254
4,670,517092
4,671,517099
4,672,517089
4,673,517167
4,674,517189
4,675,517235
4,676,517269
4,677,517321
4,678,517289
4,679,517305
4,680,517324
4,681,517487
4,682,517452
4,683,517559
4,684,517605
4,685,517549
4,686,517587
4,687,517494
4,688,517648
4,689,517760
4,690,517688
4,691,517631
4,692,517458
4,693,517454
4,694,517470
4,695,517520
4,696,517513
4,697,517529
4,698,517544
4,699,517411
4,700,517461
4,701,517403
4,702,517241
4,703,517206
4,704,517194
4,705,517063
4,706,517162
4,707,517056
4,708,517087
4,709,517067
4,710,517035
4,711,516958
4,712,516852
4,713,516783
4,714,516850
4,715,516791
4,716,516887
4,717,516914
4,718,517008
4,719,516923
4,720,517034
4,721,517111
4,722,517117
4,723,517112
4,724,517012
4,725,517057
4,726,517060
4,727,516960
4,728,516920
4,729,516851
4,730,516838
4,731,516886
4,732,517006
4,733,517085
4,734,517037
4,735,517049
4,736,517122
4,737,517183
4,738,517051
4,739,517042
4,740,517086
4,741,517168
4,742,517144
4,743,517219
4,744,517285
4,745,517260
4,746,517339
4,747,517282
4,748,517192
4,749,517249
4,750,517261
4,751,517254
4,752,517199
4,753,517211
4,754,517430
4,755,517436
4,756,517594
4,757,517603
4,758,517611
4,759,517613
4,760,517639
4,761,517675
4,762,517733
4,763,517726
4,764,517729
4,765,517762
4,766,517651
4,767,517690
4,768,517715
4,769,517746
4,770,517771
4,771,517691
4,772,517712
4,773,517723
4,774,517823
4,775,517807
4,776,517710
4,777,517655
4,778,517765
4,779,517799
4,780,517697
4,781,517687
4,782,517707
4,783,517685
4,784,517688
4,785,517639
4,786,517636
4,787,517603
4,788,517664
4,789,517607
4,790,517601
4,791,517624
4,792,517724
4,793,517668
4,794,517699
4,795,517598
4,796,517548
4,797,517515
4,798,517354
4,799,517331
4,800,517342
4,801,517396
4,802,517252
4,803,517181
4,804,517207
4,805,517281
4,806,517223
4,807,517029
4,808,517074
4,809,516926
4,810,516924
4,811,516921
4,812,517084
4,813,517115
4,814,517146
4,815,517086
4,816,517002
4,817,517018
4,818,517040
4,819,516994
4,820,517109
4,821,517120
4,822,517016
4,823,516970
4,824,517003
4,825,517025
4,826,517021
4,827,516986
4,828,517050
4,829,517123
4,830,517210
4,831,517370
4,832,517541
4,833,517487
4,834,517401
4,835,517565
4,836,517550
4,837,517809
4,838,517737
4,839,517640
4,840,517606
4,841,517752
4,842,517732
4,843,517861
4,844,517920
4,845,517781
4,846,517887
4,847,517926
4,848,517939
4,849,517852
4,850,517864
4,851,517891
4,852,517821
4,853,517967
4,854,517941
4,855,517965
4,856,518027
4,857,517972
4,858,517893
4,859,517880
4,860,517776
4,861,517849
4,862,517872
4,863,517851
4,864,517869
4,865,517967
4,866,518001
4,867,517949
4,868,517968
4,869,517906
4,870,517733
4,871,517715
4,872,517629
4,873,517713
4,874,517732
4,875,517642
4,876,517548
4,877,517531
4,878,517500
4,879,517494
4,880,517527
4,881,517387
4,882,517429
4,883,517472
4,884,517462
4,885,517533
4,886,517701
4,887,517690
4,888,517664
4,889,517703
4,890,517730
4,891,517675
4,892,517591
4,893,517535
4,894,517680
4,895,517669
4,896,517643
4,897,517655
4,898,517636
4,899,517710
4,900,517808
4,901,517620
4,902,517657
4,903,517632
4,904,517657
4,905,517706
4,906,517634
4,907,517692
4,908,517712
4,909,517675
4,910,517653
4,911,517697
4,912,517740
4,913,517756
4,914,517623
4,915,517602
4,916,517562
4,917,517599
4,918,517472
4,919,517480
4,920,517558
4,921,517605
4,922,517632
4,923,517552
4,924,517484
4,925,517492
4,926,517542
4,927,517530
4,928,517658
4,929,517638
4,930,517597
4,931,517643
4,932,517665
4,933,517812
4,934,517807
4,935,517765
4,936,517665
4,937,517660
4,938,517710
4,939,517709
4,940,517639
4,941,517695
4,942,517671
4,943,517646
4,944,517756
4,945,517708
4,946,517359
4,947,517364
4,948,517244
4,949,517222
4,950,517188
4,951,517321
4,952,517248
4,953,517239
4,954,517183
4,955,517139
4,956,517092
4,957,517208
4,958,517192
4,959,517078
4,960,517046
4,961,517006
4,962,516990
4,963,516907
4,964,516929
4,965,516833
4,966,516835
4,967,516749
4,968,516817
4,969,516888
4,970,516893
4,971,516831
4,972,516855
4,973,516845
4,974,516871
4,975,516918
4,976,516875
4,977,516960
4,978,516998
4,979,517053
4,980,516957
4,981,516910
4,982,516966
4,983,516933
4,984,516964
4,985,517089
4,986,517088
4,987,516900
4,988,516991
4,989,517060
4,990,517080
4,991,517124
4,992,517225
4,993,517045
4,994,516936
4,995,516848
4,996,516895
4,997,516941
4,998,516953
4,999,516924
4,1000,516857
5,0,163763
5,1,169626
5,2,171456
5,3,173999
5,4,176947
5,5,180256
5,6,184021
5,7,187890
5,8,191904
5,9,195949
5,10,200182
5,11,204459
5,12,208785
5,13,212892
5,14,217225
5,15,221581
5,16,225823
5,17,230082
5,18,234349
5,19,238439
5,20,242567
5,21,246586
5,22,250753
5,23,254788
5,24,258866
5,25,262815
5,26,266537
5,27,270327
5,28,274165
5,29,277777
5,30,284160
5,31,291701
5,32,298733
5,33,305571
5,34,311926
5,35,317910
5,36,323516
5,37,328777
5,38,333828
5,39,338633
5,40,343046
5,41,347118
5,42,350956
5,43,354625
5,44,357909
5,45,360944
5,46,363898
5,47,366686
5,48,369292
5,49,371828
5,50,374044
5,51,378325
5,52,381182
5,53,383832
5,54,386449
5,55,388912
5,56,391309
5,57,393481
5,58,395779
5,59,397990
5,60,399689
5,61,401243
5,62,402698
5,63,404175
5,64,405525
5,65,406954
5,66,408258
5,67,409674
5,68,411031
5,69,412406
5,70,413806
5,71,415163
5,72,416496
5,73,417747
5,74,418866
5,75,420069
5,76,421446
5,77,422746
5,78,424064
5,79,425253
5,80,426491
5,81,427614
5,82,428900
5,83,430212
5,84,431596
5,85,432875
5,86,434064
5,87,435247
5,88,436436
5,89,437564
5,90,438833
5,91,440098
5,92,441313
5,93,442484
5,94,443481
5,95,444528
5,96,445663
5,97,446673
5,98,447647
5,99,448777
5,100,449742
5,101,450778
5,102,452062
5,103,453070
5,104,454032
5,105,455056
5,106,455972
5,107,456992
5,108,457789
5,109,458665
5,110,459466
5,111,460391
5,112,461343
5,113,462231
5,114,463148
5,115,463976
5,116,464678
5,117,465345
5,118,466249
5,119,467126
5,120,467907
5,121,468782
5,122,469545
5,123,470254
5,124,471067
5,125,471901
5,126,472668
5,127,473314
5,128,474035
5,129,474594
5,130,475327
5,131,476054
5,132,476735
5,133,477320
5,134,477800
5,135,478348
5,136,478959
5,137,479593
5,138,480286
5,139,480965
5,140,481599
5,141,482279
5,142,482750
5,143,483270
5,144,483810
5,145,484405
5,146,484910
5,147,485475
5,148,485837
5,149,486249
5,150,486829
5,151,487321
5,152,487745
5,153,488178
5,154,488502
5,155,488969
5,156,489437
5,157,489838
5,158,490192
5,159,490727
5,160,491313
5,161,491695
5,162,492129
5,163,492412
5,164,492814
5,165,493238
5,166,493436
5,167,493781
5,168,494273
5,169,494638
5,170,494942
5,171,495306
5,172,495733
5,173,496106
5,174,496326
5,175,496631
5,176,497071
5,177,497497
5,178,497918
5,179,498263
5,180,498710
5,181,499063
5,182,499391
5,183,499817
5,184,500102
5,185,500516
5,186,500756
5,187,500957
5,188,501083
5,189,501520
5,190,501742
5,191,501927
5,192,502163
5,193,502335
5,194,502613
5,195,502836
5,196,503104
5,197,503132
5,198,503251
5,199,503503
5,200,503951
5,201,504244
5,202,504408
5,203,504680
5,204,505051
5,205,505238
5,206,505521
5,207,505718
5,208,505965
5,209,506096
5,210,506274
5,211,506478
5,212,506620
5,213,506721
5,214,506720
5,215,506984
5,216,507027
5,217,507192
5,218,507451
5,219,507736
5,220,507878
5,221,508030
5,222,508223
5,223,508353
5,224,508424
5,225,508395
5,226,508451
5,227,508555
5,228,508731
5,229,508843
5,230,508908
5,231,509018
5,232,509123
5,233,509356
5,234,509540
5,235,509646
5,236,509773
5,237,509830
5,238,510052
5,239,510265
5,240,510350
5,241,510486
5,242,510635
5,243,510710
5,244,510620
5,245,510546
5,246,510720
5,247,510724
5,248,510799
5,249,510812
5,250,510890
5,251,511019
5,252,511037
5,253,510961
5,254,510938
5,255,510950
5,256,511036
5,257,511129
5,258,511165
5,259,511399
5,260,511396
5,261,511464
5,262,511535
5,263,511704
5,264,511797
5,265,511892
5,266,512065
5,267,512158
5,268,512263
5,269,512348
5,270,512555
5,271,512663
5,272,512774
5,273,512787
5,274,512702
5,275,512878
5,276,512956
5,277,513024
5,278,513053
5,279,513321
5,280,513356
5,281,513317
5,282,513245
5,283,513169
5,284,513154
5,285,513196
5,286,513403
5,287,513408
5,288,513441
5,289,513471
5,290,513406
5,291,513488
5,292,513420
5,293,513513
5,294,513680
5,295,513820
5,296,513746
5,297,513921
5,298,514021
5,299,514089
5,300,513968
5,301,513944
5,302,514217
5,303,514377
5,304,514406
5,305,514405
5,306,514419
5,307,514372
5,308,514479
5,309,514498
5,310,514657
5,311,514664
5,312,514770
5,313,514741
5,314,514799
5,315,514860
5,316,514887
5,317,514832
5,318,514845
5,319,514888
5,320,514720
5,321,514896
5,322,514848
5,323,514883
5,324,514976
5,325,515080
5,326,515258
5,327,515359
5,328,515414
5,329,515493
5,330,515648
5,331,515635
5,332,515771
5,333,515919
5,334,515882
5,335,515787
5,336,515929
5,337,515950
5,338,515984
5,339,515965
5,340,516120
5,341,516280
5,342,516279
5,343,516203
5,344,516326
5,345,516233
5,346,516308
5,347,516259
5,348,516174
5,349,516283
5,350,516335
5,351,516382
5,352,516403
5,353,516356
5,354,516437
5,355,516436
5,356,516498
5,357,516559
5,358,516503
5,359,516533
5,360,516542
5,361,516599
5,362,516520
5,363,516468
5,364,516438
5,365,516478
5,366,516432
5,367,516455
5,368,516458
5,369,516333
5,370,516346
5,371,516371
5,372,516413
5,373,516359
5,374,516289
5,375,516158
5,376,516048
5,377,516039
5,378,515921
5,379,515833
5,380,515984
5,381,516109
5,382,516128
5,383,516267
5,384,516345
5,385,516426
5,386,516213
5,387,516217
5,388,516281
5,389,516428
5,390,516479
5,391,516334
5,392,516389
5,393,516343
5,394,516402
5,395,516531
5,396,516503
5,397,516531
5,398,516476
5,399,516325
5,400,516348
5,401,516366
5,402,516356
5,403,516398
5,404,516497
5,405,516551
5,406,516531
5,407,516611
5,408,516567
5,409,516590
5,410,516756
5,411,516721
5,412,516747
5,413,516658
5,414,516766
5,415,516689
5,416,516559
5,417,516576
5,418,516632
5,419,516658
5,420,516505
5,421,516522
5,422,516549
5,423,516630
5,424,516698
5,425,516666
5,426,516621
5,427,516571
5,428,516566
5,429,516545
5,430,516587
5,431,516592
5,432,516507
5,433,516416
5,434,516484
5,435,516596
5,436,516598
5,437,516632
5,438,516671
5,439,516746
5,440,516695
5,441,516749
5,442,516804
5,443,516776
5,444,516766
5,445,516903
5,446,517007
5,447,517083
5,448,517137
5,449,517160
5,450,517291
5,451,517359
5,452,517476
5,453,517438
5,454,517408
5,455,517364
5,456,517435
5,457,517460
5,458,517479
5,459,517406
5,460,517475
5,461,517555
5,462,517427
5,463,517415
5,464,517409
5,465,517380
5,466,517440
5,467,517458
5,468,517548
5,469,517650
5,470,517673
5,471,517720
5,472,517704
5,473,517677
5,474,517658
5,475,517741
5,476,517784
5,477,517946
5,478,517890
5,479,517936
5,480,517751
5,481,517803
5,482,517682
5,483,517660
5,484,517764
5,485,517799
5,486,517831
5,487,517966
5,488,517987
5,489,518041
5,490,518104
5,491,518119
5,492,518130
5,493,518004
5,494,518019
5,495,517829
5,496,517769
5,497,517821
5,498,517823
5,499,517711
5,500,517663
5,501,517712
5,502,517676
5,503,517430
5,504,517405
5,505,517311
5,506,517319
5,507,517466
5,508,517490
5,509,517482
5,510,517598
5,511,517606
5,512,517575
5,513,517562
5,514,517647
5,515,517618
5,516,517746
5,517,517811
5,518,517871
5,519,517835
5,520,517867
5,521,517828
5,522,517807
5,523,517976
5,524,517957
5,525,518023
5,526,518056
5,527,518127
5,528,518045
5,529,518089
5,530,518159
5,531,518091
5,532,518168
5,533,518155
5,534,518223
5,535,518166
5,536,518201
5,537,518125
5,538,518206
5,539,518227
5,540,518140
5,541,518152
5,542,518082
5,543,518098
5,544,518041
5,545,518074
5,546,518017
5,547,518035
5,548,517993
5,549,517931
5,550,517994
5,551,518037
5,552,518313
5,553,518266
5,554,518372
5,555,518272
5,556,518269
5,557,518249
5,558,518173
5,559,518172
5,560,518167
5,561,518233
5,562,518267
5,563,518258
5,564,518302
5,565,518316
5,566,518462
5,567,518362
5,568,518331
5,569,518307
5,570,518302
5,571,518458
5,572,518464
5,573,518442
5,574,518473
5,575,518387
5,576,518379
5,577,518223
5,578,518154
5,579,518251
5,580,518218
5,581,518109
5,582,518107
5,583,518023
5,584,518103
5,585,517800
5,586,517852
5,587,517955
5,588,517763
5,589,517481
5,590,517553
5,591,517724
5,592,517727
5,593,517588
5,594,517632
5,595,517563
5,596,517586
5,597,517699
5,598,517669
5,599,517794
5,600,517775
5,601,517936
5,602,518069
5,603,518220
5,604,518173
5,605,518105
5,606,518112
5,607,518059
5,608,518137
5,609,518036
5,610,518055
5,611,518057
5,612,518071
5,613,517917
5,614,517901
5,615,517867
5,616,517762
5,617,517793
5,618,517872
5,619,517975
5,620,517939
5,621,517865
5,622,517852
5,623,517903
5,624,517958
5,625,517868
5,626,518002
5,627,518084
5,628,518136
5,629,518025
5,630,518095
5,631,518094
5,632,517944
5,633,517969
5,634,517954
5,635,517956
5,636,517951
5,637,517761
5,638,517794
5,639,517712
5,640,517634
5,641,517715
5,642,517693
5,643,517737
5,644,517765
5,645,517811
5,646,517906
5,647,518027
5,648,518064
5,649,518180
5,650,518073
5,651,517972
5,652,518012
5,653,518167
5,654,518274
5,655,518115
5,656,518101
5,657,518096
5,658,518201
5,659,518231
5,660,518204
5,661,518155
5,662,518237
5,663,518270
5,664,518265
5,665,518200
5,666,518165
5,667,518119
5,668,518157
5,669,518063
5,670,518177
5,671,518152
5,672,518196
5,673,518212
5,674,518177
5,675,518147
5,676,518069
5,677,517916
5,678,517951
5,679,517940
5,680,517849
5,681,517832
5,682,517819
5,683,517786
5,684,517790
5,685,517801
5,686,517762
5,687,517742
5,688,517776
5,689,517736
5,690,517744
5,691,517603
5,692,517605
5,693,517681
5,694,517777
5,695,517749
5,696,517726
5,697,517734
5,698,517719
5,699,517634
5,700,517664
5,701,517814
5,702,517803
5,703,517669
5,704,517687
5,705,517502
5,706,517455
5,707,517576
5,708,517640
5,709,517524
5,710,517478
5,711,517401
5,712,517532
5,713,517448
5,714,517370
5,715,517349
5,716,517446
5,717,517411
5,718,517578
5,719,517459
5,720,517491
5,721,517465
5,722,517356
5,723,517431
5,724,517357
5,725,517526
5,726,517578
5,727,517825
5,728,517824
5,729,517786
5,730,517821
5,731,517945
5,732,517959
5,733,517946
5,734,517866
5,735,517824
5,736,517837
5,737,517979
5,738,517991
5,739,518053
5,740,518063
5,741,518091
5,742,518127
5,743,518081
5,744,518046
5,745,518031
5,746,518026
5,747,517944
5,748,518073
5,749,518223
5,750,518271
5,751,518228
5,752,518121
5,753,518057
5,754,518069
5,755,518056
5,756,518076
5,757,518096
5,758,517898
5,759,517863
5,760,517774
5,761,517709
5,762,517730
5,763,517522
5,764,517589
5,765,517588
5,766,517635
5,767,517599
5,768,517676
5,769,517726
5,770,517639
5,771,517647
5,772,517569
5,773,517614
5,774,517538
5,775,517537
5,776,517532
5,777,517502
5,778,517475
5,779,517463
5,780,517254
5,781,517212
5,782,517068
5,783,517219
5,784,517316
5,785,517409
5,786,517394
5,787,517255
5,788,517276
5,789,517297
5,790,517341
5,791,517393
5,792,517277
5,793,517367
5,794,517274
5,795,517334
5,796,517324
5,797,517396
5,798,517353
5,799,517315
5,800,517290
5,801,517297
5,802,517347
5,803,517333
5,804,517411
5,805,517494
5,806,517620
5,807,517662
5,808,517755
5,809,517695
5,810,517737
5,811,517751
5,812,517757
5,813,517820
5,814,517864
5,815,517860
5,816,517811
5,817,517864
5,818,517786
5,819,517715
5,820,517731
5,821,517803
5,822,517766
5,823,517819
5,824,517725
5,825,517707
5,826,517544
5,827,517505
5,828,517455
5,829,517495
5,830,517566
5,831,517532
5,832,517502
5,833,517333
5,834,517301
5,835,517294
5,836,517335
5,837,517447
5,838,517526
5,839,517511
5,840,517539
5,841,517578
5,842,517378
5,843,517461
5,844,517454
5,845,517378
5,846,517263
5,847,517342
5,848,517444
5,849,517305
5,850,517299
5,851,517217
5,852,517154
5,853,517169
5,854,517222
5,855,517290
5,856,517298
5,857,517343
5,858,517224
5,859,517341
5,860,517427
5,861,517363
5,862,517418
5,863,517511
5,864,517578
5,865,517545
5,866,517500
5,867,517627
5,868,517802
5,869,517808
5,870,517828
5,871,517831
5,872,517891
5,873,517796
5,874,517743
5,875,517670
5,876,517558
5,877,517472
5,878,517498
5,879,517485
5,880,517452
5,881,517396
5,882,517440
5,883,517350
5,884,517425
5,885,517322
5,886,517340
5,887,517347
5,888,517268
5,889,517403
5,890,517390
5,891,517425
5,892,517368
5,893,517302
5,894,517372
5,895,517356
5,896,517439
5,897,517527
5,898,517537
5,899,517497
5,900,517428
5,901,517476
5,902,517599
5,903,517699
5,904,517646
5,905,517739
5,906,517600
5,907,517642
5,908,517523
5,909,517514
5,910,517445
5,911,517381
5,912,517255
5,913,517205
5,914,517044
5,915,517137
5,916,517030
5,917,517007
5,918,516971
5,919,516817
5,920,516848
5,921,516823
5,922,516762
5,923,516693
5,924,516803
5,925,516839
5,926,516820
5,927,516854
5,928,516917
5,929,516985
5,930,516947
5,931,516998
5,932,517073
5,933,517119
5,934,517145
5,935,517112
5,936,517010
5,937,517143
5,938,517130
5,939,517148
5,940,517278
5,941,517229
5,942,517171
5,943,517260
5,944,517325
5,945,517335
5,946,517305
5,947,517294
5,948,517361
5,949,517189
5,950,517128
5,951,517098
5,952,517062
5,953,517128
5,954,516996
5,955,517099
5,956,517100
5,957,517022
5,958,516948
5,959,516913
5,960,516883
5,961,516959
5,962,516919
5,963,516980
5,964,517094
5,965,517182
5,966,517241
5,967,517221
5,968,517320
5,969,517292
5,970,517497
5,971,517539
5,972,517598
5,973,517754
5,974,517892
5,975,517851
5,976,517755
5,977,517736
5,978,517659
5,979,517587
5,980,517509
5,981,517559
5,982,517700
5,983,517610
5,984,517595
5,985,517607
5,986,517580
5,987,517631
5,988,517535
5,989,517560
5,990,517529
5,991,517623
5,992,517592
5,993,517633
5,994,517629
5,995,517664
5,996,517859
5,997,517891
5,998,517947
5,999,517822
5,1000,517912
6,0,163313
6,1,169104
6,2,170923
6,3,173459
6,4,176474
6,5,179806
6,6,183550
6,7,187309
6,8,191164
6,9,195178
6,10,199286
6,11,203376
6,12,207412
6,13,211778
6,14,216145
6,15,220414
6,16,224639
6,17,228945
6,18,233222
6,19,237452
6,20,241635
6,21,245777
6,22,249906
6,23,254039
6,24,258150
6,25,261984
6,26,265869
6,27,269810
6,28,273523
6,29,277174
6,30,283300
6,31,290892
6,32,297995
6,33,304671
6,34,310990
6,35,316859
6,36,322517
6,37,327778
6,38,332724
6,39,337604
6,40,342054
6,41,346088
6,42,349916
6,43,353573
6,44,356919
6,45,360217
6,46,363102
6,47,365853
6,48,368469
6,49,370842
6,50,373041
6,51,377430
6,52,380429
6,53,383093
6,54,385617
6,55,388076
6,56,390482
6,57,392648
6,58,394917
6,59,397129
6,60,398694
6,61,400243
6,62,401695
6,63,403098
6,64,404412
6,65,405819
6,66,407199
6,67,408524
6,68,409932
6,69,411382
6,70,412582
6,71,413970
6,72,415393
6,73,416821
6,74,418122
6,75,419589
6,76,420854
6,77,422206
6,78,423459
6,79,424785
6,80,425961
6,81,427210
6,82,428474
6,83,429773
6,84,431033
6,85,432144
6,86,433465
6,87,434573
6,88,435697
6,89,436844
6,90,438069
6,91,439151
6,92,440372
6,93,441478
6,94,442566
6,95,443738
6,96,444869
6,97,445941
6,98,447072
6,99,448229
6,100,449320
6,101,450443
6,102,451469
6,103,452476
6,104,453662
6,105,454643
6,106,455475
6,107,456395
6,108,457377
6,109,458233
6,110,459241
6,111,460239
6,112,461048
6,113,461932
6,114,462830
6,115,463580
6,116,464357
6,117,465356
6,118,466201
6,119,466943
6,120,467716
6,121,468506
6,122,469266
6,123,470093
6,124,470793
6,125,471511
6,126,472127
6,127,472907
6,128,473620
6,129,474266
6,130,475109
6,131,475771
6,132,476465
6,133,477125
6,134,477875
6,135,478544
6,136,479207
6,137,479821
6,138,480382
6,139,480835
6,140,481587
6,141,482204
6,142,482767
6,143,483257
6,144,483907
6,145,484415
6,146,484773
6,147,485277
6,148,485874
6,149,486310
6,150,486877
6,151,487270
6,152,487715
6,153,488243
6,154,488827
6,155,489292
6,156,489726
6,157,490330
6,158,490840
6,159,491130
6,160,491436
6,161,491701
6,162,492026
6,163,492441
6,164,492889
6,165,493383
6,166,493658
6,167,494149
6,168,494617
6,169,494838
6,170,495216
6,171,495619
6,172,495897
6,173,496344
6,174,496671
6,175,496970
6,176,497217
6,177,497525
6,178,497810
6,179,498034
6,180,498301
6,181,498641
6,182,498900
6,183,499082
6,184,499381
6,185,499619
6,186,499880
6,187,500188
6,188,500351
6,189,500614
6,190,500829
6,191,500917
6,192,501205
6,193,501457
6,194,501641
6,195,501941
6,196,502174
6,197,502321
6,198,502547
6,199,502800
6,200,503050
6,201,503380
6,202,503452
6,203,503732
6,204,503908
6,205,504140
6,206,504222
6,207,504499
6,208,504760
6,209,504985
6,210,505267
6,211,505321
6,212,505642
6,213,505863
6,214,506196
6,215,506198
6,216,506422
6,217,506580
6,218,506659
6,219,506728
6,220,506871
6,221,507002
6,222,507249
6,223,507280
6,224,507417
6,225,507458
6,226,507483
6,227,507565
6,228,507778
6,229,507956
6,230,508096
6,231,508263
6,232,508280
6,233,508334
6,234,508366
6,235,508708
6,236,508729
6,237,508813
6,238,508877
6,239,508920
6,240,509167
6,241,509178
6,242,509227
6,243,509433
6,244,509426
6,245,509567
6,246,509719
6,247,509786
6,248,509911
6,249,509977
6,250,510193
6,251,510306
6,252,510393
6,253,510480
6,254,510686
6,255,510827
6,256,510890
6,257,511008
6,258,511070
6,259,511174
6,260,511356
6,261,511605
6,262,511793
6,263,511951
6,264,512022
6,265,512132
6,266,512233
6,267,512296
6,268,512424
6,269,512524
6,270,512665
6,271,512810
6,272,512954
6,273,512938
6,274,513008
6,275,513184
6,276,513324
6,277,513380
6,278,513384
6,279,513288
6,280,513405
6,281,513372
6,282,513489
6,283,513503
6,284,513645
6,285,513723
6,286,513837
6,287,513780
6,288,513850
6,289,513929
6,290,513990
6,291,513960
6,292,514067
6,293,513939
6,294,513885
6,295,513854
6,296,513844
6,297,514128
6,298,514297
6,299,514287
6,300,514391
6,301,514365
6,302,514279
6,303,514340
6,304,514465
6,305,514667
6,306,514727
6,307,514810
6,308,514898
6,309,514733
6,310,514763
6,311,514856
6,312,514827
6,313,514791
6,314,514777
6,315,514977
6,316,514991
6,317,515016
6,318,515032
6,319,515092
6,320,515025
6,321,515063
6,322,515122
6,323,515161
6,324,515239
6,325,515238
6,326,515427
6,327,515575
6,328,515527
6,329,515766
6,330,515710
6,331,515923
6,332,515988
6,333,516042
6,334,515982
6,335,515986
6,336,515936
6,337,515954
6,338,516058
6,339,516081
6,340,516012
6,341,515840
6,342,515900
6,343,515962
6,344,515998
6,345,516225
6,346,516307
6,347,516288
6,348,516126
6,349,516121
6,350,516250
6,351,516238
6,352,516331
6,353,516554
6,354,516684
6,355,516569
6,356,516636
6,357,516704
6,358,516772
6,359,516723
6,360,516782
6,361,517020
6,362,517049
6,363,517218
6,364,517380
6,365,517266
6,366,517312
6,367,517257
6,368,517153
6,369,517306
6,370,517469
6,371,517592
6,372,517635
6,373,517515
6,374,517463
6,375,517465
6,376,517447
6,377,517467
6,378,517515
6,379,517528
6,380,517621
6,381,517670
6,382,517743
6,383,517692
6,384,517712
6,385,517853
6,386,517790
6,387,517738
6,388,517789
6,389,517797
6,390,517868
6,391,517928
6,392,518044
6,393,518044
6,394,517960
6,395,517871
6,396,517838
6,397,517892
6,398,517718
6,399,517657
6,400,517682
6,401,517748
6,402,517730
6,403,517768
6,404,517668
6,405,517648
6,406,517725
6,407,517554
6,408,517663
6,409,517703
6,410,517711
6,411,517619
6,412,517645
6,413,517623
6,414,517607
6,415,517577
6,416,517597
6,417,517621
6,418,517655
6,419,517634
6,420,517549
6,421,517530
6,422,517516
6,423,517516
6,424,517455
6,425,517447
6,426,517610
6,427,517531
6,428,517476
6,429,517423
6,430,517289
6,431,517386
6,432,517414
6,433,517393
6,434,517447
6,435,517320
6,436,517391
6,437,517427
6,438,517391
6,439,517289
6,440,517269
6,441,517203
6,442,517195
6,443,517248
6,444,517268
6,445,517274
6,446,517248
6,447,517108
6,448,517057
6,449,517018
6,450,517079
6,451,516962
6,452,517125
6,453,517080
6,454,517163
6,455,517093
6,456,516988
6,457,517011
6,458,516915
6,459,516779
6,460,516774
6,461,516752
6,462,516783
6,463,516903
6,464,516804
6,465,516805
6,466,516637
6,467,516665
6,468,516650
6,469,516668
6,470,516690
6,471,516823
6,472,516755
6,473,516726
6,474,516750
6,475,516771
6,476,516751
6,477,516786
6,478,516890
6,479,516886
6,480,516931
6,481,516897
6,482,516791
6,483,516785
6,484,516748
6,485,516675
6,486,516748
6,487,516786
6,488,516825
6,489,516786
6,490,516833
6,491,516739
6,492,516698
6,493,516668
6,494,516709
6,495,516739
6,496,516798
6,497,516871
6,498,516854
6,499,516857
6,500,516887
6,501,516980
6,502,516931
6,503,516958
6,504,516967
6,505,517095
6,506,517146
6,507,517235
6,508,517234
6,509,517265
6,510,517281
6,511,517305
6,512,517266
6,513,517186
6,514,517143
6,515,517154
6,516,517088
6,517,517006
6,518,517109
6,519,517189
6,520,517241
6,521,517237
6,522,517147
6,523,517109
6,524,517144
6,525,517176
6,526,517314
6,527,517293
6,528,517226
6,529,517279
6,530,517309
6,531,517359
6,532,517235
6,533,517226
6,534,517203
6,535,517189
6,536,517142
6,537,517314
6,538,517403
6,539,517316
6,540,517345
6,541,517315
6,542,517421
6,543,517531
6,544,517520
6,545,517457
6,546,517516
6,547,517536
6,548,517575
6,549,517540
6,550,517534
6,551,517635
6,552,517638
6,553,517655
6,554,517686
6,555,517636
6,556,517785
6,557,517842
6,558,517812
6,559,517768
6,560,517858
6,561,517999
6,562,518034
6,563,517984
6,564,517915
6,565,517813
6,566,517772
6,567,517764
6,568,517565
6,569,517600
6,570,517517
6,571,517370
6,572,517473
6,573,517576
6,574,517487
6,575,517385
6,576,517179
6,577,517244
6,578,517167
6,579,517162
6,580,517213
6,581,517308
6,582,517309
6,583,517465
6,584,517380
6,585,517340
6,586,517297
6,587,517353
6,588,517372
6,589,517573
6,590,517603
6,591,517684
6,592,517648
6,593,517598
6,594,517662
6,595,517533
6,596,517436
6,597,517255
6,598,517276
6,599,517272
6,600,517223
6,601,517307
6,602,517329
6,603,517363
6,604,517415
6,605,517459
6,606,517385
6,607,517340
6,608,517405
6,609,517479
6,610,517491
6,611,517449
6,612,517493
6,613,517506
6,614,517521
6,615,517445
6,616,517363
6,617,517283
6,618,517307
6,619,517240
6,620,517173
6,621,517249
6,622,517159
6,623,517156
6,624,517250
6,625,517199
6,626,517252
6,627,517283
6,628,517522
6,629,517507
6,630,517430
6,631,517421
6,632,517288
6,633,517269
6,634,517229
6,635,517110
6,636,517071
6,637,517064
6,638,517193
6,639,517146
6,640,517127
6,641,517009
6,642,517124
6,643,517216
6,644,517115
6,645,517057
6,646,517030
6,647,517131
6,648,517208
6,649,517342
6,650,517336
6,651,517429
6,652,517451
6,653,517389
6,654,517340
6,655,517392
6,656,517324
6,657,517311
6,658,517249
6,659,517207
6,660,517136
6,661,517143
6,662,517171
6,663,517017
6,664,517242
6,665,517234
6,666,517167
6,667,517238
6,668,517186
6,669,517130
6,670,516963
6,671,516905
6,672,516941
6,673,517117
6,674,517158
6,675,517215
6,676,517254
6,677,517137
6,678,517269
6,679,517408
6,680,517409
6,681,517485
6,682,517470
6,683,517601
6,684,517654
6,685,517760
6,686,517768
6,687,517720
6,688,517719
6,689,517770
6,690,517798
6,691,517882
6,692,517910
6,693,517862
6,694,517920
6,695,517931
6,696,518014
6,697,517806
6,698,517700
6,699,517691
6,700,517560
6,701,517526
6,702,517531
6,703,517580
6,704,517495
6,705,517473
6,706,517383
6,707,517387
6,708,517226
6,709,517116
6,710,517083
6,711,516966
6,712,516956
6,713,516979
6,714,517031
6,715,516989
6,716,517127
6,717,517166
6,718,517185
6,719,517210
6,720,517319
6,721,517404
6,722,517459
6,723,517532
6,724,517411
6,725,517457
6,726,517519
6,727,517394
6,728,517333
6,729,517422
6,730,517470
6,731,517548
6,732,517651
6,733,517582
6,734,517593
6,735,517435
6,736,517408
6,737,517470
6,738,517488
6,739,517545
6,740,517491
6,741,517409
6,742,517357
6,743,517342
6,744,517318
6,745,517421
6,746,517483
6,747,517480
6,748,517506
6,749,517637
6,750,517601
6,751,517608
6,752,517601
6,753,517501
6,754,517536
6,755,517583
6,756,517551
6,757,517573
6,758,517572
6,759,517548
6,760,517659
6,761,517652
6,762,517868
6,763,517827
6,764,517710
6,765,517736
6,766,517819
6,767,517771
6,768,517801
6,769,517655
6,770,517662
6,771,517518
6,772,517636
6,773,517650
6,774,517715
6,775,517641
6,776,517659
6,777,517761
6,778,517806
6,779,517743
6,780,517628
6,781,517629
6,782,517640
6,783,517488
6,784,517500
6,785,517623
6,786,517583
6,787,517477
6,788,517616
6,789,517512
6,790,517549
6,791,517557
6,792,517606
6,793,517727
6,794,517832
6,795,517577
6,796,517551
6,797,517664
6,798,517598
6,799,517590
6,800,517559
6,801,517459
6,802,517498
6,803,517576
6,804,517530
6,805,517535
6,806,517666
6,807,517469
6,808,517498
6,809,517571
6,810,517323
6,811,517295
6,812,517348
6,813,517437
6,814,517574
6,815,517763
6,816,517714
6,817,517660
6,818,517552
6,819,517630
6,820,517658
6,821,517584
6,822,517631
6,823,517599
6,824,517494
6,825,517526
6,826,517710
6,827,517774
6,828,517872
6,829,517933
6,830,518022
6,831,518016
6,832,517971
6,833,517944
6,834,517809
6,835,517905
6,836,517980
6,837,517882
6,838,517890
6,839,517691
6,840,517751
6,841,517704
6,842,517863
6,843,517894
6,844,517798
6,845,517743
6,846,517742
6,847,517500
6,848,517607
6,849,517674
6,850,517761
6,851,517744
6,852,517852
6,853,517736
6,854,517787
6,855,517761
6,856,517636
6,857,517556
6,858,517505
6,859,517449
6,860,517381
6,861,517387
6,862,517409
6,863,517395
6,864,517494
6,865,517497
6,866,517565
6,867,517576
6,868,517651
6,869,517561
6,870,517461
6,871,517362
6,872,517327
6,873,517310
6,874,517323
6,875,517429
6,876,517553
6,877,517483
6,878,517554
6,879,517554
6,880,517665
6,881,517603
6,882,517623
6,883,517763
6,884,517843
6,885,517895
6,886,518016
6,887,518072
6,888,518084
6,889,518048
6,890,518049
6,891,518049
6,892,517986
6,893,517949
6,894,518030
6,895,518049
6,896,518139
6,897,518110
6,898,518081
6,899,518075
6,900,518054
6,901,517980
6,902,517965
6,903,517920
6,904,517738
6,905,517774
6,906,517806
6,907,517691
6,908,517636
6,909,517654
6,910,517656
6,911,517566
6,912,517456
6,913,517551
6,914,517634
6,915,517543
6,916,517525
6,917,517573
6,918,517644
6,919,517656
6,920,517556
6,921,517406
6,922,517541
6,923,517552
6,924,517564
6,925,517600
6,926,517652
6,927,517674
6,928,517726
6,929,517783
6,930,517807
6,931,517800
6,932,517888
6,933,517893
6,934,517753
6,935,517666
6,936,517559
6,937,517477
6,938,517352
6,939,517383
6,940,517359
6,941,517363
6,942,517431
6,943,517310
6,944,517300
6,945,517212
6,946,517212
6,947,517133
6,948,517166
6,949,517405
6,950,517469
6,951,517378
6,952,517495
6,953,517522
6,954,517509
6,955,517496
6,956,517522
6,957,517563
6,958,517702
6,959,517673
6,960,517694
6,961,517679
6,962,517732
6,963,517787
6,964,517845
6,965,517747
6,966,517805
6,967,517862
6,968,517818
6,969,517798
6,970,517814
6,971,517908
6,972,517998
6,973,517869
6,974,517982
6,975,517881
6,976,517873
6,977,517696
6,978,517634
6,979,517645
6,980,517664
6,981,517574
6,982,517535
6,983,517590
6,984,517657
6,985,517576
6,986,517856
6,987,517908
6,988,517904
6,989,517793
6,990,517737
6,991,517859
6,992,517868
6,993,517941
6,994,517961
6,995,517885
6,996,517805
6,997,517708
6,998,517722
6,999,517787
6,1000,517835
