1,0,163826
1,1,177009
1,2,187917
1,3,197063
1,4,205140
1,5,212024
1,6,217821
1,7,222746
1,8,227107
1,9,230833
1,10,234147
1,11,236950
1,12,239354
1,13,241376
1,14,243119
1,15,244660
1,16,246018
1,17,247150
1,18,248031
1,19,248665
1,20,249127
1,21,249417
1,22,249567
1,23,249827
1,24,249777
1,25,249756
1,26,249467
1,27,249040
1,28,248640
1,29,248732
1,30,278591
1,31,277386
1,32,275586
1,33,273487
1,34,271086
1,35,268333
1,36,265405
1,37,262405
1,38,259325
1,39,256203
1,40,252964
1,41,249802
1,42,246676
1,43,243521
1,44,240369
1,45,237351
1,46,234411
1,47,231345
1,48,228359
1,49,225662
1,50,222882
1,51,220192
1,52,217545
1,53,214875
1,54,212219
1,55,209623
1,56,207022
1,57,204591
1,58,201973
1,59,199412
1,60,196950
1,61,194514
1,62,192256
1,63,189841
1,64,187723
1,65,185429
1,66,183185
1,67,181067
1,68,178907
1,69,176867
1,70,174850
1,71,172821
1,72,170759
1,73,168814
1,74,166884
1,75,164956
1,76,163074
1,77,161169
1,78,159454
1,79,157635
1,80,155987
1,81,154220
1,82,152584
1,83,151015
1,84,149380
1,85,147856
1,86,146161
1,87,144667
1,88,143163
1,89,141661
1,90,140205
1,91,138786
1,92,137383
1,93,136011
1,94,134652
1,95,133325
1,96,132027
1,97,130797
1,98,129464
1,99,128176
1,100,126874
1,101,125626
1,102,124482
1,103,123304
1,104,122129
1,105,120978
1,106,119823
1,107,118708
1,108,117699
1,109,116762
1,110,115662
1,111,114564
1,112,113601
1,113,112625
1,114,111648
1,115,110713
1,116,109820
1,117,108872
1,118,107960
1,119,107082
1,120,106279
1,121,105486
1,122,104606
1,123,103764
1,124,102887
1,125,102119
1,126,101242
1,127,100449
1,128,99633
1,129,98835
1,130,98017
1,131,97322
1,132,96567
1,133,95914
1,134,95192
1,135,94495
1,136,93790
1,137,93087
1,138,92394
1,139,91806
1,140,91140
1,141,90569
1,142,89880
1,143,89235
1,144,88538
1,145,87972
1,146,87458
1,147,86889
1,148,86307
1,149,85738
1,150,85155
1,151,84552
1,152,84018
1,153,83454
1,154,82869
1,155,82354
1,156,81840
1,157,81316
1,158,80820
1,159,80389
1,160,79914
1,161,79497
1,162,79108
1,163,78601
1,164,78091
1,165,77602
1,166,77269
1,167,76794
1,168,76381
1,169,76057
1,170,75623
1,171,75269
1,172,74944
1,173,74583
1,174,74237
1,175,73924
1,176,73618
1,177,73239
1,178,72890
1,179,72625
1,180,72254
1,181,71996
1,182,71692
1,183,71346
1,184,70968
1,185,70653
1,186,70379
1,187,70074
1,188,69859
1,189,69580
1,190,69331
1,191,69026
1,192,68718
1,193,68411
1,194,68174
1,195,67926
1,196,67712
1,197,67477
1,198,67213
1,199,66930
1,200,66671
1,201,66391
1,202,66121
1,203,65862
1,204,65586
1,205,65330
1,206,65144
1,207,64944
1,208,64733
1,209,64570
1,210,64331
1,211,64165
1,212,63959
1,213,63781
1,214,63499
1,215,63394
1,216,63251
1,217,63036
1,218,62860
1,219,62664
1,220,62434
1,221,62251
1,222,62028
1,223,61819
1,224,61660
1,225,61523
1,226,61410
1,227,61252
1,228,60983
1,229,60782
1,230,60602
1,231,60448
1,232,60344
1,233,60208
1,234,60098
1,235,59912
1,236,59709
1,237,59616
1,238,59467
1,239,59295
1,240,59090
1,241,58997
1,242,58899
1,243,58769
1,244,58633
1,245,58482
1,246,58346
1,247,58273
1,248,58223
1,249,58083
1,250,57966
1,251,57858
1,252,57762
1,253,57604
1,254,57474
1,255,57320
1,256,57241
1,257,57176
1,258,57128
1,259,57053
1,260,57007
1,261,56896
1,262,56828
1,263,56729
1,264,56704
1,265,56567
1,266,56509
1,267,56482
1,268,56418
1,269,56305
1,270,56210
1,271,56154
1,272,56058
1,273,55998
1,274,55911
1,275,55854
1,276,55798
1,277,55751
1,278,55773
1,279,55650
1,280,55643
1,281,55574
1,282,55514
1,283,55477
1,284,55420
1,285,55333
1,286,55234
1,287,55156
1,288,55113
1,289,55052
1,290,54939
1,291,54921
1,292,54885
1,293,54786
1,294,54715
1,295,54613
1,296,54526
1,297,54456
1,298,54389
1,299,54243
1,300,54199
1,301,54161
1,302,54147
1,303,54050
1,304,53946
1,305,53909
1,306,53877
1,307,53876
1,308,53824
1,309,53851
1,310,53731
1,311,53713
1,312,53674
1,313,53575
1,314,53513
1,315,53403
1,316,53333
1,317,53312
1,318,53272
1,319,53164
1,320,53127
1,321,53096
1,322,53050
1,323,53049
1,324,52989
1,325,52977
1,326,52915
1,327,52809
1,328,52764
1,329,52815
1,330,52775
1,331,52660
1,332,52655
1,333,52622
1,334,52606
1,335,52655
1,336,52616
1,337,52653
1,338,52574
1,339,52542
1,340,52496
1,341,52464
1,342,52396
1,343,52327
1,344,52319
1,345,52328
1,346,52376
1,347,52385
1,348,52371
1,349,52400
1,350,52404
1,351,52317
1,352,52309
1,353,52257
1,354,52231
1,355,52267
1,356,52247
1,357,52189
1,358,52212
1,359,52167
1,360,52075
1,361,52001
1,362,51949
1,363,51902
1,364,51878
1,365,51854
1,366,51871
1,367,51878
1,368,51895
1,369,51846
1,370,51811
1,371,51757
1,372,51784
1,373,51772
1,374,51801
1,375,51765
1,376,51713
1,377,51708
1,378,51716
1,379,51663
1,380,51607
1,381,51553
1,382,51485
1,383,51429
1,384,51386
1,385,51384
1,386,51337
1,387,51351
1,388,51416
1,389,51434
1,390,51357
1,391,51280
1,392,51246
1,393,51213
1,394,51219
1,395,51214
1,396,51223
1,397,51249
1,398,51225
1,399,51269
1,400,51223
1,401,51199
1,402,51190
1,403,51191
1,404,51257
1,405,51259
1,406,51333
1,407,51317
1,408,51324
1,409,51326
1,410,51285
1,411,51280
1,412,51265
1,413,51278
1,414,51264
1,415,51315
1,416,51285
1,417,51272
1,418,51199
1,419,51210
1,420,51218
1,421,51189
1,422,51236
1,423,51206
1,424,51149
1,425,51176
1,426,51134
1,427,51145
1,428,51165
1,429,51165
1,430,51178
1,431,51144
1,432,51194
1,433,51175
1,434,51147
1,435,51087
1,436,51092
1,437,51065
1,438,51006
1,439,51065
1,440,51061
1,441,51068
1,442,51126
1,443,51151
1,444,51184
1,445,51204
1,446,51272
1,447,51259
1,448,51215
1,449,51181
1,450,51184
1,451,51209
1,452,51173
1,453,51178
1,454,51106
1,455,51079
1,456,51055
1,457,51017
1,458,50973
1,459,50944
1,460,50948
1,461,51002
1,462,51027
1,463,51007
1,464,51004
1,465,51010
1,466,51064
1,467,51056
1,468,51103
1,469,51100
1,470,51110
1,471,51151
1,472,51165
1,473,51181
1,474,51153
1,475,51166
1,476,51163
1,477,51169
1,478,51190
1,479,51248
1,480,51160
1,481,51136
1,482,51173
1,483,51209
1,484,51186
1,485,51260
1,486,51262
1,487,51285
1,488,51251
1,489,51238
1,490,51263
1,491,51230
1,492,51237
1,493,51245
1,494,51186
1,495,51178
1,496,51170
1,497,51217
1,498,51170
1,499,51140
1,500,51137
1,501,51092
1,502,51147
1,503,51154
1,504,51134
1,505,51057
1,506,50999
1,507,50926
1,508,50964
1,509,50962
1,510,50982
1,511,50970
1,512,50965
1,513,51022
1,514,51057
1,515,51035
1,516,51055
1,517,51020
1,518,50945
1,519,50885
1,520,50866
1,521,50837
1,522,50914
1,523,50933
1,524,50936
1,525,50910
1,526,50910
1,527,50910
1,528,50866
1,529,50858
1,530,50837
1,531,50780
1,532,50795
1,533,50795
1,534,50791
1,535,50757
1,536,50802
1,537,50857
1,538,50819
1,539,50828
1,540,50702
1,541,50753
1,542,50765
1,543,50716
1,544,50727
1,545,50804
1,546,50848
1,547,50950
1,548,50928
1,549,50905
1,550,50921
1,551,50928
1,552,50943
1,553,50901
1,554,50884
1,555,50895
1,556,50859
1,557,50865
1,558,50857
1,559,50851
1,560,50801
1,561,50764
1,562,50712
1,563,50730
1,564,50719
1,565,50719
1,566,50663
1,567,50688
1,568,50786
1,569,50805
1,570,50760
1,571,50760
1,572,50726
1,573,50617
1,574,50577
1,575,50573
1,576,50584
1,577,50482
1,578,50512
1,579,50562
1,580,50541
1,581,50520
1,582,50522
1,583,50552
1,584,50617
1,585,50688
1,586,50671
1,587,50771
1,588,50784
1,589,50750
1,590,50815
1,591,50771
1,592,50773
1,593,50827
1,594,50778
1,595,50762
1,596,50764
1,597,50804
1,598,50749
1,599,50759
1,600,50753
1,601,50773
1,602,50752
1,603,50735
1,604,50737
1,605,50688
1,606,50694
1,607,50697
1,608,50644
1,609,50613
1,610,50576
1,611,50613
1,612,50600
1,613,50687
1,614,50707
1,615,50781
1,616,50797
1,617,50812
1,618,50806
1,619,50794
1,620,50794
1,621,50760
1,622,50681
1,623,50691
1,624,50667
1,625,50713
1,626,50690
1,627,50721
1,628,50673
1,629,50668
1,630,50710
1,631,50714
1,632,50692
1,633,50665
1,634,50648
1,635,50608
1,636,50602
1,637,50566
1,638,50623
1,639,50589
1,640,50588
1,641,50598
1,642,50593
1,643,50628
1,644,50593
1,645,50623
1,646,50694
1,647,50680
1,648,50694
1,649,50643
1,650,50655
1,651,50650
1,652,50725
1,653,50793
1,654,50811
1,655,50804
1,656,50818
1,657,50812
1,658,50845
1,659,50781
1,660,50833
1,661,50845
1,662,50883
1,663,50842
1,664,50837
1,665,50816
1,666,50818
1,667,50761
1,668,50755
1,669,50812
1,670,50783
1,671,50781
1,672,50814
1,673,50854
1,674,50844
1,675,50838
1,676,50853
1,677,50870
1,678,50819
1,679,50789
1,680,50859
1,681,50908
1,682,50959
1,683,51019
1,684,50995
1,685,50974
1,686,50905
1,687,50908
1,688,50849
1,689,50841
1,690,50859
1,691,50834
1,692,50849
1,693,50853
1,694,50815
1,695,50809
1,696,50795
1,697,50787
1,698,50846
1,699,50810
1,700,50842
1,701,50821
1,702,50849
1,703,50804
1,704,50803
1,705,50771
1,706,50691
1,707,50760
1,708,50749
1,709,50755
1,710,50737
1,711,50817
1,712,50850
1,713,50762
1,714,50747
1,715,50725
1,716,50758
1,717,50784
1,718,50818
1,719,50799
1,720,50786
1,721,50705
1,722,50680
1,723,50725
1,724,50732
1,725,50722
1,726,50720
1,727,50673
1,728,50671
1,729,50602
1,730,50641
1,731,50586
1,732,50556
1,733,50608
1,734,50581
1,735,50643
1,736,50590
1,737,50573
1,738,50683
1,739,50672
1,740,50724
1,741,50724
1,742,50684
1,743,50667
1,744,50659
1,745,50668
1,746,50667
1,747,50655
1,748,50661
1,749,50618
1,750,50655
1,751,50630
1,752,50605
1,753,50650
1,754,50686
1,755,50692
1,756,50733
1,757,50718
1,758,50817
1,759,50861
1,760,50812
1,761,50814
1,762,50781
1,763,50821
1,764,50811
1,765,50809
1,766,50816
1,767,50817
1,768,50846
1,769,50865
1,770,50829
1,771,50844
1,772,50888
1,773,50911
1,774,50996
1,775,51023
1,776,51018
1,777,50995
1,778,51017
1,779,50993
1,780,51036
1,781,51077
1,782,51050
1,783,51089
1,784,51084
1,785,51082
1,786,51080
1,787,51087
1,788,51035
1,789,51024
1,790,51010
1,791,50966
1,792,50916
1,793,50945
1,794,50974
1,795,50946
1,796,50955
1,797,50887
1,798,50910
1,799,50913
1,800,50901
1,801,50909
1,802,50946
1,803,50902
1,804,50956
1,805,50829
1,806,50812
1,807,50845
1,808,50803
1,809,50792
1,810,50818
1,811,50812
1,812,50805
1,813,50758
1,814,50728
1,815,50694
1,816,50689
1,817,50748
1,818,50731
1,819,50777
1,820,50856
1,821,50877
1,822,50897
1,823,50892
1,824,50937
1,825,50947
1,826,50925
1,827,50870
1,828,50841
1,829,50819
1,830,50881
1,831,50823
1,832,50879
1,833,50890
1,834,50831
1,835,50782
1,836,50790
1,837,50750
1,838,50736
1,839,50752
1,840,50682
1,841,50656
1,842,50566
1,843,50523
1,844,50548
1,845,50539
1,846,50553
1,847,50570
1,848,50593
1,849,50559
1,850,50533
1,851,50604
1,852,50536
1,853,50542
1,854,50575
1,855,50583
1,856,50528
1,857,50548
1,858,50570
1,859,50591
1,860,50561
1,861,50643
1,862,50673
1,863,50684
1,864,50675
1,865,50665
1,866,50665
1,867,50672
1,868,50681
1,869,50728
1,870,50789
1,871,50813
1,872,50759
1,873,50819
1,874,50794
1,875,50755
1,876,50717
1,877,50729
1,878,50787
1,879,50802
1,880,50771
1,881,50776
1,882,50791
1,883,50739
1,884,50736
1,885,50766
1,886,50782
1,887,50793
1,888,50841
1,889,50832
1,890,50839
1,891,50794
1,892,50844
1,893,50840
1,894,50843
1,895,50825
1,896,50756
1,897,50772
1,898,50801
1,899,50841
1,900,50845
1,901,50903
1,902,50897
1,903,50955
1,904,50932
1,905,50897
1,906,50913
1,907,50946
1,908,50889
1,909,50861
1,910,50825
1,911,50874
1,912,50878
1,913,50840
1,914,50811
1,915,50815
1,916,50837
1,917,50799
1,918,50763
1,919,50762
1,920,50775
1,921,50818
1,922,50806
1,923,50803
1,924,50729
1,925,50736
1,926,50777
1,927,50814
1,928,50798
1,929,50725
1,930,50751
1,931,50810
1,932,50774
1,933,50747
1,934,50778
1,935,50749
1,936,50772
1,937,50810
1,938,50838
1,939,50859
1,940,50852
1,941,50852
1,942,50764
1,943,50780
1,944,50739
1,945,50765
1,946,50773
1,947,50747
1,948,50696
1,949,50663
1,950,50608
1,951,50624
1,952,50633
1,953,50610
1,954,50653
1,955,50710
1,956,50742
1,957,50685
1,958,50650
1,959,50647
1,960,50617
1,961,50524
1,962,50512
1,963,50508
1,964,50483
1,965,50512
1,966,50527
1,967,50541
1,968,50628
1,969,50693
1,970,50715
1,971,50692
1,972,50666
1,973,50658
1,974,50679
1,975,50591
1,976,50593
1,977,50571
1,978,50540
1,979,50511
1,980,50522
1,981,50503
1,982,50519
1,983,50559
1,984,50539
1,985,50557
1,986,50520
1,987,50505
1,988,50516
1,989,50563
1,990,50596
1,991,50640
1,992,50630
1,993,50605
1,994,50626
1,995,50639
1,996,50657
1,997,50668
1,998,50675
1,999,50691
1,1000,50648
2,0,163922
2,1,177167
2,2,188163
2,3,197331
2,4,205135
2,5,211984
2,6,217902
2,7,222941
2,8,227179
2,9,230922
2,10,234050
2,11,236915
2,12,239409
2,13,241430
2,14,243113
2,15,244574
2,16,245905
2,17,247009
2,18,247902
2,19,248430
2,20,249096
2,21,249390
2,22,249536
2,23,249660
2,24,249607
2,25,249403
2,26,249090
2,27,248830
2,28,248340
2,29,248255
2,30,278101
2,31,276758
2,32,274892
2,33,272747
2,34,270294
2,35,267643
2,36,264791
2,37,261757
2,38,258647
2,39,255527
2,40,252427
2,41,249255
2,42,246144
2,43,243086
2,44,240076
2,45,237090
2,46,234002
2,47,230906
2,48,227857
2,49,225063
2,50,222308
2,51,219608
2,52,216945
2,53,214397
2,54,211819
2,55,209189
2,56,206699
2,57,204081
2,58,201684
2,59,199137
2,60,196724
2,61,194274
2,62,191976
2,63,189715
2,64,187531
2,65,185287
2,66,183039
2,67,180969
2,68,178803
2,69,176695
2,70,174688
2,71,172694
2,72,170678
2,73,168780
2,74,166829
2,75,165002
2,76,163132
2,77,161341
2,78,159565
2,79,157819
2,80,156074
2,81,154300
2,82,152683
2,83,151117
2,84,149556
2,85,147962
2,86,146377
2,87,144849
2,88,143351
2,89,141852
2,90,140419
2,91,138946
2,92,137435
2,93,136122
2,94,134686
2,95,133415
2,96,132040
2,97,130778
2,98,129413
2,99,128215
2,100,127003
2,101,125771
2,102,124650
2,103,123550
2,104,122381
2,105,121156
2,106,120060
2,107,118909
2,108,117750
2,109,116706
2,110,115585
2,111,114573
2,112,113676
2,113,112661
2,114,111644
2,115,110698
2,116,109796
2,117,108844
2,118,107917
2,119,107043
2,120,106188
2,121,105328
2,122,104449
2,123,103586
2,124,102744
2,125,101941
2,126,101165
2,127,100295
2,128,99568
2,129,98834
2,130,98132
2,131,97378
2,132,96692
2,133,95998
2,134,95308
2,135,94551
2,136,93747
2,137,92996
2,138,92314
2,139,91678
2,140,91078
2,141,90433
2,142,89840
2,143,89254
2,144,88619
2,145,88008
2,146,87380
2,147,86881
2,148,86317
2,149,85831
2,150,85260
2,151,84735
2,152,84125
2,153,83576
2,154,83116
2,155,82636
2,156,82141
2,157,81645
2,158,81148
2,159,80622
2,160,80182
2,161,79688
2,162,79209
2,163,78840
2,164,78412
2,165,77968
2,166,77519
2,167,77082
2,168,76688
2,169,76308
2,170,75843
2,171,75528
2,172,75107
2,173,74726
2,174,74321
2,175,73947
2,176,73600
2,177,73249
2,178,72854
2,179,72488
2,180,72104
2,181,71788
2,182,71521
2,183,71190
2,184,70908
2,185,70608
2,186,70306
2,187,69974
2,188,69666
2,189,69342
2,190,68997
2,191,68717
2,192,68393
2,193,68092
2,194,67809
2,195,67589
2,196,67236
2,197,67023
2,198,66766
2,199,66471
2,200,66213
2,201,66011
2,202,65775
2,203,65505
2,204,65254
2,205,64976
2,206,64753
2,207,64554
2,208,64399
2,209,64205
2,210,63876
2,211,63695
2,212,63466
2,213,63375
2,214,63146
2,215,62971
2,216,62819
2,217,62616
2,218,62401
2,219,62218
2,220,62087
2,221,61932
2,222,61785
2,223,61685
2,224,61583
2,225,61437
2,226,61212
2,227,61061
2,228,60827
2,229,60611
2,230,60442
2,231,60299
2,232,60209
2,233,60069
2,234,59862
2,235,59741
2,236,59583
2,237,59514
2,238,59346
2,239,59112
2,240,58868
2,241,58712
2,242,58560
2,243,58474
2,244,58381
2,245,58308
2,246,58179
2,247,58021
2,248,57987
2,249,57917
2,250,57798
2,251,57700
2,252,57598
2,253,57469
2,254,57318
2,255,57204
2,256,57154
2,257,57095
2,258,57004
2,259,56921
2,260,56877
2,261,56825
2,262,56651
2,263,56551
2,264,56412
2,265,56384
2,266,56275
2,267,56275
2,268,56221
2,269,56088
2,270,56025
2,271,56001
2,272,55918
2,273,55891
2,274,55802
2,275,55788
2,276,55700
2,277,55562
2,278,55512
2,279,55498
2,280,55447
2,281,55364
2,282,55240
2,283,55163
2,284,55096
2,285,54998
2,286,54893
2,287,54816
2,288,54699
2,289,54699
2,290,54636
2,291,54548
2,292,54437
2,293,54383
2,294,54348
2,295,54278
2,296,54137
2,297,54078
2,298,54089
2,299,54030
2,300,53891
2,301,53808
2,302,53801
2,303,53749
2,304,53693
2,305,53640
2,306,53587
2,307,53532
2,308,53374
2,309,53336
2,310,53291
2,311,53201
2,312,53127
2,313,53071
2,314,53016
2,315,52981
2,316,52953
2,317,52917
2,318,52859
2,319,52940
2,320,52900
2,321,52871
2,322,52830
2,323,52797
2,324,52776
2,325,52771
2,326,52759
2,327,52728
2,328,52713
2,329,52738
2,330,52709
2,331,52681
2,332,52696
2,333,52615
2,334,52570
2,335,52507
2,336,52467
2,337,52425
2,338,52349
2,339,52360
2,340,52343
2,341,52345
2,342,52267
2,343,52176
2,344,52146
2,345,52167
2,346,52074
2,347,52010
2,348,51975
2,349,51956
2,350,51997
2,351,51998
2,352,51977
2,353,51893
2,354,51814
2,355,51780
2,356,51773
2,357,51745
2,358,51763
2,359,51701
2,360,51671
2,361,51663
2,362,51688
2,363,51593
2,364,51511
2,365,51534
2,366,51510
2,367,51520
2,368,51573
2,369,51561
2,370,51575
2,371,51523
2,372,51506
2,373,51413
2,374,51408
2,375,51392
2,376,51380
2,377,51371
2,378,51372
2,379,51361
2,380,51404
2,381,51460
2,382,51387
2,383,51402
2,384,51421
2,385,51388
2,386,51360
2,387,51339
2,388,51322
2,389,51327
2,390,51287
2,391,51217
2,392,51309
2,393,51262
2,394,51226
2,395,51265
2,396,51257
2,397,51335
2,398,51329
2,399,51365
2,400,51351
2,401,51334
2,402,51341
2,403,51281
2,404,51292
2,405,51216
2,406,51202
2,407,51304
2,408,51296
2,409,51266
2,410,51244
2,411,51268
2,412,51250
2,413,51287
2,414,51281
2,415,51259
2,416,51278
2,417,51226
2,418,51169
2,419,51212
2,420,51231
2,421,51197
2,422,51207
2,423,51245
2,424,51214
2,425,51143
2,426,51104
2,427,51112
2,428,51114
2,429,51151
2,430,51177
2,431,51153
2,432,51153
2,433,51222
2,434,51244
2,435,51223
2,436,51206
2,437,51192
2,438,51212
2,439,51244
2,440,51250
2,441,51317
2,442,51349
2,443,51303
2,444,51302
2,445,51337
2,446,51351
2,447,51374
2,448,51385
2,449,51280
2,450,51250
2,451,51303
2,452,51329
2,453,51278
2,454,51316
2,455,51296
2,456,51293
2,457,51299
2,458,51270
2,459,51297
2,460,51328
2,461,51397
2,462,51421
2,463,51432
2,464,51461
2,465,51497
2,466,51468
2,467,51465
2,468,51409
2,469,51428
2,470,51493
2,471,51436
2,472,51428
2,473,51407
2,474,51384
2,475,51370
2,476,51289
2,477,51266
2,478,51244
2,479,51193
2,480,51229
2,481,51238
2,482,51210
2,483,51224
2,484,51204
2,485,51216
2,486,51196
2,487,51207
2,488,51232
2,489,51229
2,490,51237
2,491,51271
2,492,51253
2,493,51181
2,494,51161
2,495,51177
2,496,51145
2,497,51091
2,498,51123
2,499,51046
2,500,51057
2,501,51095
2,502,51130
2,503,51121
2,504,51057
2,505,51025
2,506,50985
2,507,51025
2,508,51056
2,509,51024
2,510,51043
2,511,51031
2,512,51023
2,513,50986
2,514,50985
2,515,51053
2,516,51013
2,517,51047
2,518,51015
2,519,51032
2,520,51029
2,521,50989
2,522,50901
2,523,50878
2,524,50911
2,525,50892
2,526,50900
2,527,50929
2,528,50881
2,529,50952
2,530,50929
2,531,50863
2,532,50829
2,533,50799
2,534,50824
2,535,50827
2,536,50770
2,537,50721
2,538,50743
2,539,50690
2,540,50727
2,541,50806
2,542,50863
2,543,50918
2,544,50877
2,545,50870
2,546,50857
2,547,50880
2,548,50949
2,549,50947
2,550,50949
2,551,51005
2,552,50924
2,553,50948
2,554,50993
2,555,50957
2,556,50978
2,557,50997
2,558,51017
2,559,51033
2,560,51045
2,561,50999
2,562,50997
2,563,51048
2,564,50992
2,565,50948
2,566,50942
2,567,50931
2,568,50960
2,569,50947
2,570,50939
2,571,50975
2,572,50995
2,573,50941
2,574,50907
2,575,50896
2,576,50881
2,577,50920
2,578,50982
2,579,51012
2,580,50954
2,581,50904
2,582,50865
2,583,50850
2,584,50860
2,585,50845
2,586,50838
2,587,50843
2,588,50914
2,589,50973
2,590,50992
2,591,51013
2,592,50936
2,593,50962
2,594,50982
2,595,51003
2,596,50964
2,597,50984
2,598,50978
2,599,50957
2,600,50979
2,601,50877
2,602,50851
2,603,50877
2,604,50886
2,605,50941
2,606,50939
2,607,50893
2,608,50912
2,609,50944
2,610,50929
2,611,50917
2,612,50938
2,613,50978
2,614,50952
2,615,50957
2,616,50906
2,617,50907
2,618,50905
2,619,50971
2,620,50973
2,621,50909
2,622,50945
2,623,50917
2,624,50919
2,625,50927
2,626,50905
2,627,50893
2,628,50932
2,629,50932
2,630,50909
2,631,50952
2,632,50939
2,633,50923
2,634,50894
2,635,50867
2,636,50900
2,637,50892
2,638,50900
2,639,50874
2,640,50912
2,641,50849
2,642,50811
2,643,50738
2,644,50710
2,645,50750
2,646,50763
2,647,50752
2,648,50714
2,649,50720
2,650,50663
2,651,50644
2,652,50577
2,653,50527
2,654,50542
2,655,50571
2,656,50594
2,657,50588
2,658,50644
2,659,50673
2,660,50625
2,661,50663
2,662,50654
2,663,50649
2,664,50710
2,665,50711
2,666,50673
2,667,50652
2,668,50729
2,669,50689
2,670,50773
2,671,50778
2,672,50738
2,673,50711
2,674,50658
2,675,50622
2,676,50631
2,677,50678
2,678,50673
2,679,50696
2,680,50706
2,681,50721
2,682,50796
2,683,50775
2,684,50765
2,685,50774
2,686,50824
2,687,50787
2,688,50763
2,689,50807
2,690,50840
2,691,50805
2,692,50811
2,693,50791
2,694,50813
2,695,50833
2,696,50808
2,697,50778
2,698,50754
2,699,50786
2,700,50810
2,701,50860
2,702,50824
2,703,50804
2,704,50736
2,705,50781
2,706,50740
2,707,50753
2,708,50707
2,709,50745
2,710,50748
2,711,50707
2,712,50724
2,713,50775
2,714,50752
2,715,50732
2,716,50760
2,717,50788
2,718,50817
2,719,50740
2,720,50787
2,721,50813
2,722,50836
2,723,50766
2,724,50754
2,725,50753
2,726,50731
2,727,50803
2,728,50785
2,729,50798
2,730,50733
2,731,50734
2,732,50719
2,733,50718
2,734,50695
2,735,50681
2,736,50635
2,737,50570
2,738,50546
2,739,50547
2,740,50532
2,741,50603
2,742,50668
2,743,50701
2,744,50661
2,745,50730
2,746,50710
2,747,50695
2,748,50719
2,749,50680
2,750,50641
2,751,50590
2,752,50632
2,753,50659
2,754,50616
2,755,50655
2,756,50611
2,757,50597
2,758,50600
2,759,50616
2,760,50595
2,761,50578
2,762,50537
2,763,50559
2,764,50535
2,765,50562
2,766,50554
2,767,50445
2,768,50466
2,769,50435
2,770,50441
2,771,50487
2,772,50431
2,773,50433
2,774,50427
2,775,50433
2,776,50393
2,777,50383
2,778,50348
2,779,50337
2,780,50276
2,781,50251
2,782,50285
2,783,50242
2,784,50291
2,785,50273
2,786,50285
2,787,50301
2,788,50286
2,789,50270
2,790,50246
2,791,50302
2,792,50376
2,793,50330
2,794,50367
2,795,50362
2,796,50411
2,797,50422
2,798,50337
2,799,50374
2,800,50378
2,801,50454
2,802,50453
2,803,50443
2,804,50465
2,805,50414
2,806,50402
2,807,50424
2,808,50388
2,809,50468
2,810,50485
2,811,50450
2,812,50509
2,813,50550
2,814,50554
2,815,50575
2,816,50562
2,817,50589
2,818,50601
2,819,50629
2,820,50626
2,821,50649
2,822,50639
2,823,50628
2,824,50561
2,825,50577
2,826,50627
2,827,50615
2,828,50681
2,829,50719
2,830,50722
2,831,50743
2,832,50762
2,833,50772
2,834,50745
2,835,50778
2,836,50808
2,837,50815
2,838,50844
2,839,50871
2,840,50852
2,841,50831
2,842,50797
2,843,50770
2,844,50775
2,845,50816
2,846,50832
2,847,50810
2,848,50738
2,849,50709
2,850,50740
2,851,50784
2,852,50743
2,853,50766
2,854,50741
2,855,50781
2,856,50800
2,857,50806
2,858,50774
2,859,50720
2,860,50658
2,861,50654
2,862,50680
2,863,50725
2,864,50787
2,865,50837
2,866,50868
2,867,50908
2,868,50878
2,869,50847
2,870,50923
2,871,50925
2,872,50887
2,873,50922
2,874,50938
2,875,50933
2,876,50956
2,877,50953
2,878,50911
2,879,50877
2,880,50927
2,881,50892
2,882,50877
2,883,50912
2,884,50823
2,885,50776
2,886,50790
2,887,50793
2,888,50748
2,889,50759
2,890,50794
2,891,50725
2,892,50800
2,893,50907
2,894,50889
2,895,50873
2,896,50875
2,897,50840
2,898,50827
2,899,50880
2,900,50900
2,901,50943
2,902,50959
2,903,50938
2,904,50962
2,905,50985
2,906,50960
2,907,50932
2,908,50907
2,909,50940
2,910,50941
2,911,50988
2,912,50977
2,913,50918
2,914,50900
2,915,50887
2,916,50917
2,917,50929
2,918,50953
2,919,50940
2,920,50958
2,921,50942
2,922,50954
2,923,50972
2,924,50972
2,925,51004
2,926,51013
2,927,51009
2,928,50982
2,929,50952
2,930,50983
2,931,50924
2,932,50922
2,933,50936
2,934,50921
2,935,50912
2,936,50921
2,937,50971
2,938,50924
2,939,50925
2,940,50891
2,941,50924
2,942,50897
2,943,50868
2,944,50842
2,945,50840
2,946,50877
2,947,50843
2,948,50923
2,949,50856
2,950,50808
2,951,50790
2,952,50743
2,953,50774
2,954,50790
2,955,50784
2,956,50728
2,957,50738
2,958,50724
2,959,50641
2,960,50658
2,961,50686
2,962,50693
2,963,50726
2,964,50719
2,965,50672
2,966,50675
2,967,50699
2,968,50729
2,969,50724
2,970,50789
2,971,50736
2,972,50772
2,973,50787
2,974,50771
2,975,50787
2,976,50822
2,977,50722
2,978,50723
2,979,50769
2,980,50753
2,981,50736
2,982,50728
2,983,50763
2,984,50736
2,985,50759
2,986,50749
2,987,50753
2,988,50810
2,989,50769
2,990,50768
2,991,50744
2,992,50747
2,993,50672
2,994,50647
2,995,50588
2,996,50610
2,997,50596
2,998,50601
2,999,50558
2,1000,50523
3,0,163207
3,1,176294
3,2,187185
3,3,196333
3,4,204436
3,5,211214
3,6,216868
3,7,221804
3,8,226072
3,9,229754
3,10,232712
3,11,235542
3,12,237898
3,13,240105
3,14,241676
3,15,243073
3,16,244414
3,17,245363
3,18,246179
3,19,247005
3,20,247525
3,21,247843
3,22,247960
3,23,248134
3,24,248017
3,25,247870
3,26,247676
3,27,247311
3,28,246939
3,29,247064
3,30,277469
3,31,276193
3,32,274393
3,33,272208
3,34,269707
3,35,266922
3,36,263958
3,37,261060
3,38,258127
3,39,255090
3,40,251889
3,41,248663
3,42,245646
3,43,242514
3,44,239525
3,45,236567
3,46,233511
3,47,230481
3,48,227538
3,49,224769
3,50,222039
3,51,219400
3,52,216681
3,53,214192
3,54,211615
3,55,209046
3,56,206439
3,57,203942
3,58,201491
3,59,199036
3,60,196629
3,61,194241
3,62,191951
3,63,189592
3,64,187323
3,65,185051
3,66,182970
3,67,180765
3,68,178660
3,69,176581
3,70,174537
3,71,172519
3,72,170578
3,73,168610
3,74,166640
3,75,164820
3,76,162985
3,77,161130
3,78,159263
3,79,157562
3,80,155829
3,81,154050
3,82,152386
3,83,150738
3,84,149152
3,85,147531
3,86,145985
3,87,144517
3,88,142930
3,89,141502
3,90,139933
3,91,138527
3,92,137047
3,93,135626
3,94,134300
3,95,133001
3,96,131703
3,97,130478
3,98,129190
3,99,127883
3,100,126770
3,101,125515
3,102,124253
3,103,123079
3,104,121845
3,105,120604
3,106,119449
3,107,118384
3,108,117317
3,109,116227
3,110,115190
3,111,114084
3,112,112996
3,113,112014
3,114,111010
3,115,110014
3,116,109057
3,117,108173
3,118,107263
3,119,106377
3,120,105498
3,121,104606
3,122,103793
3,123,102918
3,124,102163
3,125,101271
3,126,100506
3,127,99776
3,128,98972
3,129,98223
3,130,97498
3,131,96820
3,132,96036
3,133,95301
3,134,94572
3,135,93890
3,136,93185
3,137,92506
3,138,91796
3,139,91158
3,140,90443
3,141,89737
3,142,89088
3,143,88519
3,144,87937
3,145,87379
3,146,86813
3,147,86269
3,148,85768
3,149,85293
3,150,84708
3,151,84154
3,152,83553
3,153,83118
3,154,82627
3,155,82103
3,156,81612
3,157,81142
3,158,80592
3,159,80045
3,160,79577
3,161,79124
3,162,78637
3,163,78150
3,164,77730
3,165,77289
3,166,76934
3,167,76454
3,168,76053
3,169,75635
3,170,75289
3,171,74856
3,172,74411
3,173,73987
3,174,73718
3,175,73260
3,176,72919
3,177,72598
3,178,72316
3,179,72001
3,180,71653
3,181,71355
3,182,71036
3,183,70682
3,184,70368
3,185,70016
3,186,69695
3,187,69442
3,188,69119
3,189,68891
3,190,68625
3,191,68331
3,192,67995
3,193,67748
3,194,67480
3,195,67180
3,196,66941
3,197,66745
3,198,66516
3,199,66364
3,200,66105
3,201,65865
3,202,65633
3,203,65293
3,204,65073
3,205,64818
3,206,64605
3,207,64404
3,208,64174
3,209,64030
3,210,63840
3,211,63628
3,212,63381
3,213,63140
3,214,63017
3,215,62852
3,216,62698
3,217,62461
3,218,62310
3,219,62178
3,220,62007
3,221,61849
3,222,61665
3,223,61498
3,224,61349
3,225,61214
3,226,61085
3,227,60953
3,228,60751
3,229,60619
3,230,60443
3,231,60331
3,232,60143
3,233,59963
3,234,59745
3,235,59621
3,236,59460
3,237,59311
3,238,59157
3,239,59077
3,240,58915
3,241,58765
3,242,58617
3,243,58480
3,244,58347
3,245,58270
3,246,58095
3,247,57983
3,248,57834
3,249,57731
3,250,57685
3,251,57585
3,252,57525
3,253,57438
3,254,57412
3,255,57311
3,256,57191
3,257,57064
3,258,56868
3,259,56751
3,260,56648
3,261,56632
3,262,56615
3,263,56537
3,264,56485
3,265,56428
3,266,56319
3,267,56207
3,268,56096
3,269,56007
3,270,56004
3,271,55895
3,272,55875
3,273,55852
3,274,55828
3,275,55837
3,276,55775
3,277,55679
3,278,55540
3,279,55427
3,280,55320
3,281,55195
3,282,55178
3,283,55208
3,284,55098
3,285,54970
3,286,54843
3,287,54778
3,288,54787
3,289,54731
3,290,54650
3,291,54540
3,292,54525
3,293,54519
3,294,54418
3,295,54413
3,296,54298
3,297,54215
3,298,54129
3,299,54029
3,300,53999
3,301,53960
3,302,53894
3,303,53795
3,304,53697
3,305,53665
3,306,53642
3,307,53627
3,308,53529
3,309,53580
3,310,53535
3,311,53519
3,312,53402
3,313,53413
3,314,53396
3,315,53426
3,316,53348
3,317,53306
3,318,53266
3,319,53209
3,320,53276
3,321,53314
3,322,53337
3,323,53291
3,324,53272
3,325,53235
3,326,53198
3,327,53121
3,328,53077
3,329,53088
3,330,53008
3,331,52977
3,332,52938
3,333,52948
3,334,52887
3,335,52848
3,336,52845
3,337,52762
3,338,52788
3,339,52788
3,340,52703
3,341,52701
3,342,52761
3,343,52808
3,344,52779
3,345,52807
3,346,52749
3,347,52740
3,348,52743
3,349,52712
3,350,52617
3,351,52652
3,352,52636
3,353,52485
3,354,52447
3,355,52465
3,356,52444
3,357,52422
3,358,52390
3,359,52346
3,360,52304
3,361,52334
3,362,52334
3,363,52320
3,364,52250
3,365,52208
3,366,52227
3,367,52226
3,368,52227
3,369,52250
3,370,52239
3,371,52218
3,372,52131
3,373,52112
3,374,52148
3,375,52146
3,376,52145
3,377,52168
3,378,52137
3,379,52143
3,380,52041
3,381,51979
3,382,51914
3,383,51923
3,384,51916
3,385,51869
3,386,51835
3,387,51837
3,388,51818
3,389,51809
3,390,51822
3,391,51819
3,392,51782
3,393,51772
3,394,51803
3,395,51741
3,396,51768
3,397,51785
3,398,51748
3,399,51777
3,400,51742
3,401,51670
3,402,51645
3,403,51747
3,404,51748
3,405,51748
3,406,51747
3,407,51758
3,408,51822
3,409,51841
3,410,51880
3,411,51859
3,412,51831
3,413,51892
3,414,51886
3,415,51866
3,416,51833
3,417,51812
3,418,51803
3,419,51743
3,420,51645
3,421,51560
3,422,51586
3,423,51557
3,424,51518
3,425,51492
3,426,51560
3,427,51576
3,428,51558
3,429,51584
3,430,51566
3,431,51551
3,432,51617
3,433,51634
3,434,51558
3,435,51562
3,436,51565
3,437,51594
3,438,51567
3,439,51477
3,440,51507
3,441,51561
3,442,51510
3,443,51457
3,444,51433
3,445,51492
3,446,51461
3,447,51407
3,448,51447
3,449,51530
3,450,51408
3,451,51317
3,452,51309
3,453,51360
3,454,51209
3,455,51223
3,456,51200
3,457,51148
3,458,51164
3,459,51119
3,460,51152
3,461,51093
3,462,51082
3,463,51038
3,464,51034
3,465,51083
3,466,51053
3,467,51017
3,468,50998
3,469,50997
3,470,50966
3,471,50953
3,472,51005
3,473,51027
3,474,51053
3,475,51019
3,476,50986
3,477,50969
3,478,50921
3,479,50915
3,480,50973
3,481,50969
3,482,50997
3,483,51004
3,484,51066
3,485,51116
3,486,51148
3,487,51093
3,488,51066
3,489,51072
3,490,50987
3,491,50996
3,492,51035
3,493,51021
3,494,50939
3,495,50905
3,496,50817
3,497,50792
3,498,50850
3,499,50867
3,500,50816
3,501,50853
3,502,50868
3,503,50870
3,504,50871
3,505,50882
3,506,50884
3,507,50830
3,508,50776
3,509,50705
3,510,50702
3,511,50722
3,512,50778
3,513,50746
3,514,50781
3,515,50813
3,516,50786
3,517,50752
3,518,50744
3,519,50765
3,520,50731
3,521,50778
3,522,50745
3,523,50754
3,524,50683
3,525,50665
3,526,50700
3,527,50682
3,528,50725
3,529,50744
3,530,50714
3,531,50712
3,532,50639
3,533,50624
3,534,50573
3,535,50614
3,536,50595
3,537,50632
3,538,50663
3,539,50640
3,540,50686
3,541,50709
3,542,50710
3,543,50706
3,544,50645
3,545,50633
3,546,50649
3,547,50658
3,548,50622
3,549,50638
3,550,50571
3,551,50566
3,552,50483
3,553,50537
3,554,50547
3,555,50625
3,556,50562
3,557,50549
3,558,50526
3,559,50558
3,560,50532
3,561,50410
3,562,50380
3,563,50453
3,564,50439
3,565,50462
3,566,50425
3,567,50442
3,568,50480
3,569,50510
3,570,50539
3,571,50490
3,572,50534
3,573,50606
3,574,50603
3,575,50636
3,576,50647
3,577,50652
3,578,50670
3,579,50638
3,580,50610
3,581,50572
3,582,50580
3,583,50643
3,584,50697
3,585,50718
3,586,50730
3,587,50693
3,588,50686
3,589,50701
3,590,50685
3,591,50693
3,592,50765
3,593,50726
3,594,50743
3,595,50799
3,596,50749
3,597,50743
3,598,50673
3,599,50650
3,600,50677
3,601,50690
3,602,50665
3,603,50662
3,604,50711
3,605,50757
3,606,50680
3,607,50678
3,608,50712
3,609,50730
3,610,50674
3,611,50713
3,612,50732
3,613,50795
3,614,50878
3,615,50959
3,616,50894
3,617,50944
3,618,50915
3,619,50918
3,620,50983
3,621,50964
3,622,51005
3,623,50939
3,624,50883
3,625,50912
3,626,50853
3,627,50924
3,628,50971
3,629,50950
3,630,50996
3,631,50954
3,632,50956
3,633,50956
3,634,50949
3,635,50977
3,636,51029
3,637,51091
3,638,51111
3,639,51130
3,640,51094
3,641,51077
3,642,51089
3,643,51038
3,644,50970
3,645,51024
3,646,51013
3,647,50981
3,648,51056
3,649,51034
3,650,51097
3,651,51097
3,652,51061
3,653,51103
3,654,51020
3,655,50985
3,656,50929
3,657,50892
3,658,50888
3,659,50876
3,660,50836
3,661,50858
3,662,50844
3,663,50855
3,664,50816
3,665,50717
3,666,50702
3,667,50674
3,668,50640
3,669,50669
3,670,50691
3,671,50727
3,672,50738
3,673,50722
3,674,50746
3,675,50680
3,676,50739
3,677,50732
3,678,50777
3,679,50742
3,680,50759
3,681,50746
3,682,50750
3,683,50782
3,684,50801
3,685,50804
3,686,50849
3,687,50820
3,688,50840
3,689,50805
3,690,50836
3,691,50818
3,692,50810
3,693,50774
3,694,50796
3,695,50788
3,696,50805
3,697,50804
3,698,50844
3,699,50836
3,700,50797
3,701,50788
3,702,50843
3,703,50778
3,704,50726
3,705,50782
3,706,50718
3,707,50720
3,708,50712
3,709,50731
3,710,50808
3,711,50796
3,712,50774
3,713,50740
3,714,50785
3,715,50749
3,716,50727
3,717,50682
3,718,50644
3,719,50657
3,720,50679
3,721,50673
3,722,50671
3,723,50678
3,724,50744
3,725,50726
3,726,50668
3,727,50663
3,728,50611
3,729,50622
3,730,50593
3,731,50507
3,732,50473
3,733,50467
3,734,50413
3,735,50416
3,736,50393
3,737,50445
3,738,50443
3,739,50406
3,740,50401
3,741,50417
3,742,50472
3,743,50536
3,744,50586
3,745,50572
3,746,50535
3,747,50577
3,748,50553
3,749,50499
3,750,50473
3,751,50489
3,752,50480
3,753,50577
3,754,50567
3,755,50646
3,756,50613
3,757,50636
3,758,50697
3,759,50668
3,760,50657
3,761,50680
3,762,50666
3,763,50673
3,764,50745
3,765,50825
3,766,50859
3,767,50801
3,768,50740
3,769,50691
3,770,50638
3,771,50657
3,772,50752
3,773,50717
3,774,50702
3,775,50714
3,776,50745
3,777,50786
3,778,50805
3,779,50774
3,780,50831
3,781,50936
3,782,50863
3,783,50795
3,784,50758
3,785,50750
3,786,50750
3,787,50784
3,788,50803
3,789,50815
3,790,50852
3,791,50844
3,792,50829
3,793,50857
3,794,50877
3,795,50947
3,796,50901
3,797,50893
3,798,50901
3,799,50876
3,800,50909
3,801,50868
3,802,50837
3,803,50816
3,804,50847
3,805,50769
3,806,50763
3,807,50817
3,808,50811
3,809,50816
3,810,50850
3,811,50809
3,812,50823
3,813,50788
3,814,50803
3,815,50834
3,816,50815
3,817,50754
3,818,50681
3,819,50634
3,820,50616
3,821,50581
3,822,50629
3,823,50680
3,824,50685
3,825,50674
3,826,50729
3,827,50730
3,828,50736
3,829,50724
3,830,50685
3,831,50692
3,832,50644
3,833,50700
3,834,50671
3,835,50672
3,836,50687
3,837,50624
3,838,50608
3,839,50620
3,840,50598
3,841,50586
3,842,50604
3,843,50737
3,844,50676
3,845,50680
3,846,50694
3,847,50624
3,848,50660
3,849,50623
3,850,50573
3,851,50507
3,852,50481
3,853,50549
3,854,50501
3,855,50466
3,856,50523
3,857,50563
3,858,50640
3,859,50644
3,860,50623
3,861,50640
3,862,50652
3,863,50667
3,864,50725
3,865,50766
3,866,50753
3,867,50770
3,868,50762
3,869,50742
3,870,50747
3,871,50778
3,872,50742
3,873,50834
3,874,50859
3,875,50836
3,876,50893
3,877,50924
3,878,50914
3,879,50900
3,880,50890
3,881,50890
3,882,50902
3,883,50963
3,884,50959
3,885,50973
3,886,50954
3,887,50977
3,888,50993
3,889,50924
3,890,50874
3,891,50872
3,892,50918
3,893,50927
3,894,50939
3,895,50936
3,896,50938
3,897,50929
3,898,50959
3,899,50997
3,900,51016
3,901,51042
3,902,50959
3,903,50976
3,904,50991
3,905,50920
3,906,50889
3,907,50892
3,908,50867
3,909,50892
3,910,50845
3,911,50866
3,912,50859
3,913,50772
3,914,50826
3,915,50777
3,916,50793
3,917,50779
3,918,50769
3,919,50840
3,920,50815
3,921,50803
3,922,50830
3,923,50915
3,924,50872
3,925,50912
3,926,50855
3,927,50849
3,928,50781
3,929,50820
3,930,50793
3,931,50803
3,932,50823
3,933,50804
3,934,50800
3,935,50805
3,936,50878
3,937,50876
3,938,50877
3,939,50843
3,940,50797
3,941,50814
3,942,50768
3,943,50719
3,944,50723
3,945,50664
3,946,50764
3,947,50710
3,948,50696
3,949,50780
3,950,50815
3,951,50836
3,952,50823
3,953,50833
3,954,50870
3,955,50869
3,956,50869
3,957,50761
3,958,50809
3,959,50826
3,960,50872
3,961,50854
3,962,50833
3,963,50747
3,964,50717
3,965,50707
3,966,50781
3,967,50745
3,968,50800
3,969,50850
3,970,50831
3,971,50854
3,972,50834
3,973,50817
3,974,50862
3,975,50874
3,976,50925
3,977,50911
3,978,50850
3,979,50919
3,980,50940
3,981,50903
3,982,50913
3,983,50898
3,984,50840
3,985,50860
3,986,50910
3,987,50918
3,988,50995
3,989,50988
3,990,51006
3,991,51026
3,992,51035
3,993,51030
3,994,51044
3,995,51036
3,996,51004
3,997,51020
3,998,51037
3,999,51035
3,1000,51019
4,0,163838
4,1,176998
4,2,187991
4,3,197379
4,4,205242
4,5,212092
4,6,217878
4,7,223040
4,8,227306
4,9,230833
4,10,234108
4,11,236706
4,12,239179
4,13,241302
4,14,243054
4,15,244547
4,16,245743
4,17,246663
4,18,247398
4,19,248242
4,20,248680
4,21,249056
4,22,249393
4,23,249453
4,24,249500
4,25,249333
4,26,249002
4,27,248649
4,28,248184
4,29,248297
4,30,278346
4,31,276990
4,32,275124
4,33,272989
4,34,270536
4,35,267831
4,36,264931
4,37,262039
4,38,258996
4,39,256038
4,40,252915
4,41,249818
4,42,246658
4,43,243565
4,44,240477
4,45,237459
4,46,234405
4,47,231489
4,48,228434
4,49,225663
4,50,222865
4,51,220195
4,52,217506
4,53,214930
4,54,212234
4,55,209602
4,56,207038
4,57,204615
4,58,202115
4,59,199592
4,60,197215
4,61,194894
4,62,192539
4,63,190196
4,64,187920
4,65,185698
4,66,183490
4,67,181323
4,68,179194
4,69,177140
4,70,175119
4,71,173189
4,72,171152
4,73,169211
4,74,167315
4,75,165364
4,76,163585
4,77,161780
4,78,159906
4,79,158179
4,80,156433
4,81,154667
4,82,153049
4,83,151439
4,84,149812
4,85,148224
4,86,146667
4,87,145115
4,88,143605
4,89,142008
4,90,140516
4,91,139107
4,92,137644
4,93,136191
4,94,134939
4,95,133645
4,96,132344
4,97,131057
4,98,129708
4,99,128449
4,100,127177
4,101,125980
4,102,124768
4,103,123693
4,104,122494
4,105,121312
4,106,120218
4,107,119109
4,108,117960
4,109,117039
4,110,115993
4,111,114942
4,112,113933
4,113,112841
4,114,111929
4,115,110905
4,116,109890
4,117,108903
4,118,107979
4,119,107134
4,120,106225
4,121,105285
4,122,104418
4,123,103554
4,124,102680
4,125,101858
4,126,101104
4,127,100265
4,128,99457
4,129,98699
4,130,97998
4,131,97300
4,132,96587
4,133,95865
4,134,95143
4,135,94439
4,136,93755
4,137,93167
4,138,92458
4,139,91835
4,140,91215
4,141,90587
4,142,89971
4,143,89267
4,144,88690
4,145,88067
4,146,87454
4,147,86898
4,148,86324
4,149,85758
4,150,85246
4,151,84647
4,152,84082
4,153,83561
4,154,82993
4,155,82445
4,156,81907
4,157,81439
4,158,80956
4,159,80408
4,160,79937
4,161,79447
4,162,78996
4,163,78495
4,164,78017
4,165,77664
4,166,77169
4,167,76845
4,168,76426
4,169,76059
4,170,75630
4,171,75215
4,172,74825
4,173,74420
4,174,74019
4,175,73648
4,176,73351
4,177,73027
4,178,72682
4,179,72301
4,180,71952
4,181,71587
4,182,71216
4,183,70852
4,184,70505
4,185,70185
4,186,69902
4,187,69625
4,188,69336
4,189,69033
4,190,68717
4,191,68487
4,192,68244
4,193,67932
4,194,67793
4,195,67565
4,196,67318
4,197,67042
4,198,66841
4,199,66566
4,200,66301
4,201,66002
4,202,65779
4,203,65560
4,204,65304
4,205,65107
4,206,64877
4,207,64692
4,208,64512
4,209,64247
4,210,64140
4,211,63870
4,212,63697
4,213,63505
4,214,63224
4,215,63057
4,216,62937
4,217,62728
4,218,62532
4,219,62350
4,220,62166
4,221,61958
4,222,61786
4,223,61611
4,224,61400
4,225,61268
4,226,61080
4,227,60894
4,228,60653
4,229,60499
4,230,60371
4,231,60224
4,232,60078
4,233,59838
4,234,59708
4,235,59540
4,236,59379
4,237,59213
4,238,59057
4,239,58892
4,240,58713
4,241,58592
4,242,58478
4,243,58339
4,244,58231
4,245,58079
4,246,57952
4,247,57864
4,248,57757
4,249,57624
4,250,57588
4,251,57391
4,252,57255
4,253,57131
4,254,57093
4,255,57007
4,256,56922
4,257,56773
4,258,56721
4,259,56640
4,260,56512
4,261,56451
4,262,56376
4,263,56270
4,264,56162
4,265,56101
4,266,55976
4,267,55883
4,268,55719
4,269,55686
4,270,55574
4,271,55492
4,272,55297
4,273,55220
4,274,55089
4,275,55040
4,276,54942
4,277,54908
4,278,54838
4,279,54798
4,280,54763
4,281,54685
4,282,54612
4,283,54538
4,284,54477
4,285,54438
4,286,54443
4,287,54414
4,288,54372
4,289,54268
4,290,54216
4,291,54088
4,292,53991
4,293,54008
4,294,53909
4,295,53904
4,296,53881
4,297,53785
4,298,53710
4,299,53672
4,300,53654
4,301,53667
4,302,53563
4,303,53559
4,304,53523
4,305,53568
4,306,53501
4,307,53422
4,308,53367
4,309,53329
4,310,53282
4,311,53305
4,312,53221
4,313,53167
4,314,53116
4,315,53070
4,316,53003
4,317,52976
4,318,52964
4,319,52913
4,320,52859
4,321,52792
4,322,52749
4,323,52691
4,324,52663
4,325,52624
4,326,52591
4,327,52531
4,328,52504
4,329,52468
4,330,52428
4,331,52383
4,332,52376
4,333,52336
4,334,52351
4,335,52346
4,336,52256
4,337,52292
4,338,52263
4,339,52312
4,340,52345
4,341,52311
4,342,52339
4,343,52294
4,344,52265
4,345,52220
4,346,52227
4,347,52185
4,348,52174
4,349,52158
4,350,52154
4,351,52169
4,352,52165
4,353,52135
4,354,52125
4,355,52154
4,356,52123
4,357,52096
4,358,52086
4,359,52040
4,360,52014
4,361,52019
4,362,52018
4,363,52042
4,364,52049
4,365,52027
4,366,51989
4,367,51926
4,368,51925
4,369,51833
4,370,51813
4,371,51784
4,372,51757
4,373,51776
4,374,51762
4,375,51750
4,376,51772
4,377,51756
4,378,51703
4,379,51731
4,380,51736
4,381,51681
4,382,51690
4,383,51598
4,384,51574
4,385,51571
4,386,51562
4,387,51534
4,388,51594
4,389,51560
4,390,51593
4,391,51538
4,392,51550
4,393,51516
4,394,51484
4,395,51499
4,396,51519
4,397,51423
4,398,51396
4,399,51336
4,400,51293
4,401,51198
4,402,51221
4,403,51193
4,404,51196
4,405,51176
4,406,51169
4,407,51208
4,408,51180
4,409,51238
4,410,51240
4,411,51241
4,412,51301
4,413,51223
4,414,51281
4,415,51296
4,416,51293
4,417,51299
4,418,51260
4,419,51309
4,420,51301
4,421,51301
4,422,51317
4,423,51343
4,424,51306
4,425,51330
4,426,51299
4,427,51327
4,428,51326
4,429,51299
4,430,51268
4,431,51214
4,432,51195
4,433,51272
4,434,51205
4,435,51258
4,436,51254
4,437,51199
4,438,51183
4,439,51266
4,440,51233
4,441,51212
4,442,51213
4,443,51281
4,444,51233
4,445,51257
4,446,51234
4,447,51184
4,448,51082
4,449,51151
4,450,51179
4,451,51172
4,452,51181
4,453,51187
4,454,51182
4,455,51146
4,456,51155
4,457,51126
4,458,51105
4,459,51048
4,460,51047
4,461,51049
4,462,51014
4,463,51057
4,464,51062
4,465,51090
4,466,51072
4,467,51063
4,468,51097
4,469,51084
4,470,51027
4,471,51020
4,472,51001
4,473,51005
4,474,51009
4,475,50991
4,476,51010
4,477,50956
4,478,50945
4,479,50971
4,480,50965
4,481,50989
4,482,50937
4,483,50942
4,484,50952
4,485,50903
4,486,50924
4,487,50920
4,488,50951
4,489,50938
4,490,50922
4,491,50879
4,492,50831
4,493,50785
4,494,50763
4,495,50782
4,496,50722
4,497,50759
4,498,50773
4,499,50833
4,500,50864
4,501,50898
4,502,50865
4,503,50894
4,504,50901
4,505,50892
4,506,50886
4,507,50909
4,508,50948
4,509,50948
4,510,50889
4,511,50878
4,512,50910
4,513,50915
4,514,50918
4,515,50885
4,516,50830
4,517,50842
4,518,50830
4,519,50766
4,520,50746
4,521,50699
4,522,50662
4,523,50720
4,524,50681
4,525,50679
4,526,50656
4,527,50731
4,528,50750
4,529,50821
4,530,50777
4,531,50801
4,532,50827
4,533,50838
4,534,50803
4,535,50798
4,536,50812
4,537,50817
4,538,50786
4,539,50746
4,540,50771
4,541,50688
4,542,50662
4,543,50741
4,544,50720
4,545,50740
4,546,50764
4,547,50794
4,548,50834
4,549,50831
4,550,50772
4,551,50687
4,552,50674
4,553,50582
4,554,50536
4,555,50459
4,556,50444
4,557,50442
4,558,50494
4,559,50504
4,560,50496
4,561,50500
4,562,50551
4,563,50484
4,564,50486
4,565,50454
4,566,50467
4,567,50487
4,568,50514
4,569,50522
4,570,50523
4,571,50527
4,572,50629
4,573,50649
4,574,50599
4,575,50620
4,576,50571
4,577,50597
4,578,50629
4,579,50611
4,580,50596
4,581,50627
4,582,50666
4,583,50661
4,584,50700
4,585,50704
4,586,50672
4,587,50723
4,588,50730
4,589,50696
4,590,50715
4,591,50711
4,592,50715
4,593,50647
4,594,50615
4,595,50607
4,596,50628
4,597,50646
4,598,50714
4,599,50705
4,600,50750
4,601,50737
4,602,50688
4,603,50713
4,604,50805
4,605,50829
4,606,50856
4,607,50875
4,608,50797
4,609,50793
4,610,50813
4,611,50867
4,612,50831
4,613,50851
4,614,50896
4,615,50857
4,616,50766
4,617,50781
4,618,50771
4,619,50813
4,620,50874
4,621,50879
4,622,50953
4,623,50996
4,624,51021
4,625,51088
4,626,51086
4,627,51046
4,628,51079
4,629,51085
4,630,51065
4,631,51010
4,632,50928
4,633,51042
4,634,51017
4,635,50968
4,636,50895
4,637,50837
4,638,50792
4,639,50778
4,640,50744
4,641,50732
4,642,50699
4,643,50663
4,644,50693
4,645,50717
4,646,50747
4,647,50736
4,648,50706
4,649,50658
4,650,50659
4,651,50741
4,652,50785
4,653,50771
4,654,50786
4,655,50721
4,656,50669
4,657,50616
4,658,50560
4,659,50507
4,660,50511
4,661,50529
4,662,50548
4,663,50607
4,664,50669
4,665,50717
4,666,50733
4,667,50699
4,668,50744
4,669,50770
4,670,50809
4,671,50847
4,672,50881
4,673,50878
4,674,50831
4,675,50868
4,676,50856
4,677,50823
4,678,50852
4,679,50908
4,680,50925
4,681,50822
4,682,50816
4,683,50787
4,684,50807
4,685,50791
4,686,50812
4,687,50844
4,688,50821
4,689,50798
4,690,50842
4,691,50869
4,692,50917
4,693,50991
4,694,51017
4,695,51021
4,696,51102
4,697,51125
4,698,51113
4,699,51112
4,700,51028
4,701,51042
4,702,50989
4,703,51007
4,704,50999
4,705,51021
4,706,51058
4,707,50989
4,708,50979
4,709,50993
4,710,51076
4,711,51028
4,712,51052
4,713,51118
4,714,51094
4,715,51123
4,716,51058
4,717,51096
4,718,51073
4,719,51157
4,720,51133
4,721,51099
4,722,51089
4,723,51159
4,724,51181
4,725,51147
4,726,51151
4,727,51198
4,728,51165
4,729,51202
4,730,51198
4,731,51221
4,732,51203
4,733,51205
4,734,51214
4,735,51249
4,736,51299
4,737,51288
4,738,51266
4,739,51229
4,740,51247
4,741,51248
4,742,51236
4,743,51232
4,744,51170
4,745,51220
4,746,51153
4,747,51115
4,748,51204
4,749,51177
4,750,51102
4,751,51141
4,752,51185
4,753,51173
4,754,51151
4,755,51163
4,756,51148
4,757,51137
4,758,51196
4,759,51182
4,760,51168
4,761,51138
4,762,51091
4,763,51125
4,764,51118
4,765,51096
4,766,51058
4,767,51096
4,768,51083
4,769,51132
4,770,51134
4,771,51201
4,772,51197
4,773,51129
4,774,51167
4,775,51220
4,776,51283
4,777,51337
4,778,51272
4,779,51303
4,780,51243
4,781,51260
4,782,51226
4,783,51215
4,784,51266
4,785,51273
4,786,51269
4,787,51247
4,788,51194
4,789,51121
4,790,51090
4,791,51091
4,792,51090
4,793,51156
4,794,51198
4,795,51276
4,796,51222
4,797,51218
4,798,51237
4,799,51226
4,800,51218
4,801,51169
4,802,51164
4,803,51163
4,804,51146
4,805,51115
4,806,51113
4,807,51137
4,808,51121
4,809,51143
4,810,51120
4,811,51190
4,812,51143
4,813,51109
4,814,51101
4,815,51076
4,816,51139
4,817,51111
4,818,51129
4,819,51159
4,820,51148
4,821,51125
4,822,51123
4,823,51093
4,824,51023
4,825,51071
4,826,51066
4,827,51084
4,828,51023
4,829,51007
4,830,51063
4,831,50986
4,832,50933
4,833,50953
4,834,51035
4,835,50997
4,836,51073
4,837,51041
4,838,51043
4,839,51065
4,840,51034
4,841,51002
4,842,50997
4,843,50936
4,844,50912
4,845,50880
4,846,50853
4,847,50811
4,848,50825
4,849,50781
4,850,50781
4,851,50824
4,852,50844
4,853,50821
4,854,50905
4,855,50868
4,856,50843
4,857,50829
4,858,50814
4,859,50828
4,860,50855
4,861,50889
4,862,50848
4,863,50843
4,864,50813
4,865,50800
4,866,50824
4,867,50863
4,868,50798
4,869,50819
4,870,50890
4,871,50901
4,872,50919
4,873,50865
4,874,50901
4,875,50948
4,876,50893
4,877,50958
4,878,50932
4,879,50982
4,880,50975
4,881,50953
4,882,50896
4,883,50825
4,884,50809
4,885,50764
4,886,50739
4,887,50792
4,888,50816
4,889,50822
4,890,50851
4,891,50818
4,892,50830
4,893,50819
4,894,50747
4,895,50770
4,896,50748
4,897,50750
4,898,50732
4,899,50688
4,900,50681
4,901,50687
4,902,50716
4,903,50724
4,904,50772
4,905,50775
4,906,50771
4,907,50806
4,908,50782
4,909,50798
4,910,50821
4,911,50871
4,912,50805
4,913,50731
4,914,50712
4,915,50718
4,916,50747
4,917,50749
4,918,50819
4,919,50769
4,920,50759
4,921,50694
4,922,50689
4,923,50683
4,924,50661
4,925,50684
4,926,50682
4,927,50659
4,928,50702
4,929,50760
4,930,50786
4,931,50764
4,932,50756
4,933,50719
4,934,50695
4,935,50738
4,936,50738
4,937,50777
4,938,50857
4,939,50789
4,940,50805
4,941,50765
4,942,50783
4,943,50811
4,944,50763
4,945,50694
4,946,50726
4,947,50705
4,948,50807
4,949,50844
4,950,50864
4,951,50864
4,952,50858
4,953,50845
4,954,50868
4,955,50903
4,956,50965
4,957,50875
4,958,50878
4,959,50922
4,960,50947
4,961,50996
4,962,51069
4,963,51053
4,964,51048
4,965,51035
4,966,51067
4,967,51088
4,968,51121
4,969,51073
4,970,51060
4,971,51111
4,972,51122
4,973,51112
4,974,51120
4,975,51086
4,976,51097
4,977,51087
4,978,51066
4,979,51061
4,980,51038
4,981,51016
4,982,50995
4,983,50940
4,984,50909
4,985,50901
4,986,50883
4,987,50864
4,988,50847
4,989,50811
4,990,50850
4,991,50774
4,992,50783
4,993,50830
4,994,50741
4,995,50799
4,996,50813
4,997,50847
4,998,50843
4,999,50787
4,1000,50754
5,0,163207
5,1,176294
5,2,187185
5,3,196333
5,4,204436
5,5,211214
5,6,216868
5,7,221804
5,8,226072
5,9,229754
5,10,232712
5,11,235542
5,12,237898
5,13,240105
5,14,241676
5,15,243073
5,16,244414
5,17,245363
5,18,246179
5,19,247005
5,20,247525
5,21,247843
5,22,247960
5,23,248134
5,24,248017
5,25,247870
5,26,247676
5,27,247311
5,28,246939
5,29,247064
5,30,277469
5,31,276193
5,32,274393
5,33,272208
5,34,269707
5,35,266922
5,36,263958
5,37,261060
5,38,258127
5,39,255090
5,40,251889
5,41,248663
5,42,245646
5,43,242514
5,44,239525
5,45,236567
5,46,233511
5,47,230481
5,48,227538
5,49,224769
5,50,222039
5,51,219400
5,52,216681
5,53,214192
5,54,211615
5,55,209046
5,56,206439
5,57,203942
5,58,201491
5,59,199036
5,60,196629
5,61,194241
5,62,191951
5,63,189592
5,64,187323
5,65,185051
5,66,182970
5,67,180765
5,68,178660
5,69,176581
5,70,174537
5,71,172519
5,72,170578
5,73,168610
5,74,166640
5,75,164820
5,76,162985
5,77,161130
5,78,159263
5,79,157562
5,80,155829
5,81,154050
5,82,152386
5,83,150738
5,84,149152
5,85,147531
5,86,145985
5,87,144517
5,88,142930
5,89,141502
5,90,139933
5,91,138527
5,92,137047
5,93,135626
5,94,134300
5,95,133001
5,96,131703
5,97,130478
5,98,129190
5,99,127883
5,100,126770
5,101,125515
5,102,124253
5,103,123079
5,104,121845
5,105,120604
5,106,119449
5,107,118384
5,108,117317
5,109,116227
5,110,115190
5,111,114084
5,112,112996
5,113,112014
5,114,111010
5,115,110014
5,116,109057
5,117,108173
5,118,107263
5,119,106377
5,120,105498
5,121,104606
5,122,103793
5,123,102918
5,124,102163
5,125,101271
5,126,100506
5,127,99776
5,128,98972
5,129,98223
5,130,97498
5,131,96820
5,132,96036
5,133,95301
5,134,94572
5,135,93890
5,136,93185
5,137,92506
5,138,91796
5,139,91158
5,140,90443
5,141,89737
5,142,89088
5,143,88519
5,144,87937
5,145,87379
5,146,86813
5,147,86269
5,148,85768
5,149,85293
5,150,84708
5,151,84154
5,152,83553
5,153,83118
5,154,82627
5,155,82103
5,156,81612
5,157,81142
5,158,80592
5,159,80045
5,160,79577
5,161,79124
5,162,78637
5,163,78150
5,164,77730
5,165,77289
5,166,76934
5,167,76454
5,168,76053
5,169,75635
5,170,75289
5,171,74856
5,172,74411
5,173,73987
5,174,73718
5,175,73260
5,176,72919
5,177,72598
5,178,72316
5,179,72001
5,180,71653
5,181,71355
5,182,71036
5,183,70682
5,184,70368
5,185,70016
5,186,69695
5,187,69442
5,188,69119
5,189,68891
5,190,68625
5,191,68331
5,192,67995
5,193,67748
5,194,67480
5,195,67180
5,196,66941
5,197,66745
5,198,66516
5,199,66364
5,200,66105
5,201,65865
5,202,65633
5,203,65293
5,204,65073
5,205,64818
5,206,64605
5,207,64404
5,208,64174
5,209,64030
5,210,63840
5,211,63628
5,212,63381
5,213,63140
5,214,63017
5,215,62852
5,216,62698
5,217,62461
5,218,62310
5,219,62178
5,220,62007
5,221,61849
5,222,61665
5,223,61498
5,224,61349
5,225,61214
5,226,61085
5,227,60953
5,228,60751
5,229,60619
5,230,60443
5,231,60331
5,232,60143
5,233,59963
5,234,59745
5,235,59621
5,236,59460
5,237,59311
5,238,59157
5,239,59077
5,240,58915
5,241,58765
5,242,58617
5,243,58480
5,244,58347
5,245,58270
5,246,58095
5,247,57983
5,248,57834
5,249,57731
5,250,57685
5,251,57585
5,252,57525
5,253,57438
5,254,57412
5,255,57311
5,256,57191
5,257,57064
5,258,56868
5,259,56751
5,260,56648
5,261,56632
5,262,56615
5,263,56537
5,264,56485
5,265,56428
5,266,56319
5,267,56207
5,268,56096
5,269,56007
5,270,56004
5,271,55895
5,272,55875
5,273,55852
5,274,55828
5,275,55837
5,276,55775
5,277,55679
5,278,55540
5,279,55427
5,280,55320
5,281,55195
5,282,55178
5,283,55208
5,284,55098
5,285,54970
5,286,54843
5,287,54778
5,288,54787
5,289,54731
5,290,54650
5,291,54540
5,292,54525
5,293,54519
5,294,54418
5,295,54413
5,296,54298
5,297,54215
5,298,54129
5,299,54029
5,300,53999
5,301,53960
5,302,53894
5,303,53795
5,304,53697
5,305,53665
5,306,53642
5,307,53627
5,308,53529
5,309,53580
5,310,53535
5,311,53519
5,312,53402
5,313,53413
5,314,53396
5,315,53426
5,316,53348
5,317,53306
5,318,53266
5,319,53209
5,320,53276
5,321,53314
5,322,53337
5,323,53291
5,324,53272
5,325,53235
5,326,53198
5,327,53121
5,328,53077
5,329,53088
5,330,53008
5,331,52977
5,332,52938
5,333,52948
5,334,52887
5,335,52848
5,336,52845
5,337,52762
5,338,52788
5,339,52788
5,340,52703
5,341,52701
5,342,52761
5,343,52808
5,344,52779
5,345,52807
5,346,52749
5,347,52740
5,348,52743
5,349,52712
5,350,52617
5,351,52652
5,352,52636
5,353,52485
5,354,52447
5,355,52465
5,356,52444
5,357,52422
5,358,52390
5,359,52346
5,360,52304
5,361,52334
5,362,52334
5,363,52320
5,364,52250
5,365,52208
5,366,52227
5,367,52226
5,368,52227
5,369,52250
5,370,52239
5,371,52218
5,372,52131
5,373,52112
5,374,52148
5,375,52146
5,376,52145
5,377,52168
5,378,52137
5,379,52143
5,380,52041
5,381,51979
5,382,51914
5,383,51923
5,384,51916
5,385,51869
5,386,51835
5,387,51837
5,388,51818
5,389,51809
5,390,51822
5,391,51819
5,392,51782
5,393,51772
5,394,51803
5,395,51741
5,396,51768
5,397,51785
5,398,51748
5,399,51777
5,400,51742
5,401,51670
5,402,51645
5,403,51747
5,404,51748
5,405,51748
5,406,51747
5,407,51758
5,408,51822
5,409,51841
5,410,51880
5,411,51859
5,412,51831
5,413,51892
5,414,51886
5,415,51866
5,416,51833
5,417,51812
5,418,51803
5,419,51743
5,420,51645
5,421,51560
5,422,51586
5,423,51557
5,424,51518
5,425,51492
5,426,51560
5,427,51576
5,428,51558
5,429,51584
5,430,51566
5,431,51551
5,432,51617
5,433,51634
5,434,51558
5,435,51562
5,436,51565
5,437,51594
5,438,51567
5,439,51477
5,440,51507
5,441,51561
5,442,51510
5,443,51457
5,444,51433
5,445,51492
5,446,51461
5,447,51407
5,448,51447
5,449,51530
5,450,51408
5,451,51317
5,452,51309
5,453,51360
5,454,51209
5,455,51223
5,456,51200
5,457,51148
5,458,51164
5,459,51119
5,460,51152
5,461,51093
5,462,51082
5,463,51038
5,464,51034
5,465,51083
5,466,51053
5,467,51017
5,468,50998
5,469,50997
5,470,50966
5,471,50953
5,472,51005
5,473,51027
5,474,51053
5,475,51019
5,476,50986
5,477,50969
5,478,50921
5,479,50915
5,480,50973
5,481,50969
5,482,50997
5,483,51004
5,484,51066
5,485,51116
5,486,51148
5,487,51093
5,488,51066
5,489,51072
5,490,50987
5,491,50996
5,492,51035
5,493,51021
5,494,50939
5,495,50905
5,496,50817
5,497,50792
5,498,50850
5,499,50867
5,500,50816
5,501,50853
5,502,50868
5,503,50870
5,504,50871
5,505,50882
5,506,50884
5,507,50830
5,508,50776
5,509,50705
5,510,50702
5,511,50722
5,512,50778
5,513,50746
5,514,50781
5,515,50813
5,516,50786
5,517,50752
5,518,50744
5,519,50765
5,520,50731
5,521,50778
5,522,50745
5,523,50754
5,524,50683
5,525,50665
5,526,50700
5,527,50682
5,528,50725
5,529,50744
5,530,50714
5,531,50712
5,532,50639
5,533,50624
5,534,50573
5,535,50614
5,536,50595
5,537,50632
5,538,50663
5,539,50640
5,540,50686
5,541,50709
5,542,50710
5,543,50706
5,544,50645
5,545,50633
5,546,50649
5,547,50658
5,548,50622
5,549,50638
5,550,50571
5,551,50566
5,552,50483
5,553,50537
5,554,50547
5,555,50625
5,556,50562
5,557,50549
5,558,50526
5,559,50558
5,560,50532
5,561,50410
5,562,50380
5,563,50453
5,564,50439
5,565,50462
5,566,50425
5,567,50442
5,568,50480
5,569,50510
5,570,50539
5,571,50490
5,572,50534
5,573,50606
5,574,50603
5,575,50636
5,576,50647
5,577,50652
5,578,50670
5,579,50638
5,580,50610
5,581,50572
5,582,50580
5,583,50643
5,584,50697
5,585,50718
5,586,50730
5,587,50693
5,588,50686
5,589,50701
5,590,50685
5,591,50693
5,592,50765
5,593,50726
5,594,50743
5,595,50799
5,596,50749
5,597,50743
5,598,50673
5,599,50650
5,600,50677
5,601,50690
5,602,50665
5,603,50662
5,604,50711
5,605,50757
5,606,50680
5,607,50678
5,608,50712
5,609,50730
5,610,50674
5,611,50713
5,612,50732
5,613,50795
5,614,50878
5,615,50959
5,616,50894
5,617,50944
5,618,50915
5,619,50918
5,620,50983
5,621,50964
5,622,51005
5,623,50939
5,624,50883
5,625,50912
5,626,50853
5,627,50924
5,628,50971
5,629,50950
5,630,50996
5,631,50954
5,632,50956
5,633,50956
5,634,50949
5,635,50977
5,636,51029
5,637,51091
5,638,51111
5,639,51130
5,640,51094
5,641,51077
5,642,51089
5,643,51038
5,644,50970
5,645,51024
5,646,51013
5,647,50981
5,648,51056
5,649,51034
5,650,51097
5,651,51097
5,652,51061
5,653,51103
5,654,51020
5,655,50985
5,656,50929
5,657,50892
5,658,50888
5,659,50876
5,660,50836
5,661,50858
5,662,50844
5,663,50855
5,664,50816
5,665,50717
5,666,50702
5,667,50674
5,668,50640
5,669,50669
5,670,50691
5,671,50727
5,672,50738
5,673,50722
5,674,50746
5,675,50680
5,676,50739
5,677,50732
5,678,50777
5,679,50742
5,680,50759
5,681,50746
5,682,50750
5,683,50782
5,684,50801
5,685,50804
5,686,50849
5,687,50820
5,688,50840
5,689,50805
5,690,50836
5,691,50818
5,692,50810
5,693,50774
5,694,50796
5,695,50788
5,696,50805
5,697,50804
5,698,50844
5,699,50836
5,700,50797
5,701,50788
5,702,50843
5,703,50778
5,704,50726
5,705,50782
5,706,50718
5,707,50720
5,708,50712
5,709,50731
5,710,50808
5,711,50796
5,712,50774
5,713,50740
5,714,50785
5,715,50749
5,716,50727
5,717,50682
5,718,50644
5,719,50657
5,720,50679
5,721,50673
5,722,50671
5,723,50678
5,724,50744
5,725,50726
5,726,50668
5,727,50663
5,728,50611
5,729,50622
5,730,50593
5,731,50507
5,732,50473
5,733,50467
5,734,50413
5,735,50416
5,736,50393
5,737,50445
5,738,50443
5,739,50406
5,740,50401
5,741,50417
5,742,50472
5,743,50536
5,744,50586
5,745,50572
5,746,50535
5,747,50577
5,748,50553
5,749,50499
5,750,50473
5,751,50489
5,752,50480
5,753,50577
5,754,50567
5,755,50646
5,756,50613
5,757,50636
5,758,50697
5,759,50668
5,760,50657
5,761,50680
5,762,50666
5,763,50673
5,764,50745
5,765,50825
5,766,50859
5,767,50801
5,768,50740
5,769,50691
5,770,50638
5,771,50657
5,772,50752
5,773,50717
5,774,50702
5,775,50714
5,776,50745
5,777,50786
5,778,50805
5,779,50774
5,780,50831
5,781,50936
5,782,50863
5,783,50795
5,784,50758
5,785,50750
5,786,50750
5,787,50784
5,788,50803
5,789,50815
5,790,50852
5,791,50844
5,792,50829
5,793,50857
5,794,50877
5,795,50947
5,796,50901
5,797,50893
5,798,50901
5,799,50876
5,800,50909
5,801,50868
5,802,50837
5,803,50816
5,804,50847
5,805,50769
5,806,50763
5,807,50817
5,808,50811
5,809,50816
5,810,50850
5,811,50809
5,812,50823
5,813,50788
5,814,50803
5,815,50834
5,816,50815
5,817,50754
5,818,50681
5,819,50634
5,820,50616
5,821,50581
5,822,50629
5,823,50680
5,824,50685
5,825,50674
5,826,50729
5,827,50730
5,828,50736
5,829,50724
5,830,50685
5,831,50692
5,832,50644
5,833,50700
5,834,50671
5,835,50672
5,836,50687
5,837,50624
5,838,50608
5,839,50620
5,840,50598
5,841,50586
5,842,50604
5,843,50737
5,844,50676
5,845,50680
5,846,50694
5,847,50624
5,848,50660
5,849,50623
5,850,50573
5,851,50507
5,852,50481
5,853,50549
5,854,50501
5,855,50466
5,856,50523
5,857,50563
5,858,50640
5,859,50644
5,860,50623
5,861,50640
5,862,50652
5,863,50667
5,864,50725
5,865,50766
5,866,50753
5,867,50770
5,868,50762
5,869,50742
5,870,50747
5,871,50778
5,872,50742
5,873,50834
5,874,50859
5,875,50836
5,876,50893
5,877,50924
5,878,50914
5,879,50900
5,880,50890
5,881,50890
5,882,50902
5,883,50963
5,884,50959
5,885,50973
5,886,50954
5,887,50977
5,888,50993
5,889,50924
5,890,50874
5,891,50872
5,892,50918
5,893,50927
5,894,50939
5,895,50936
5,896,50938
5,897,50929
5,898,50959
5,899,50997
5,900,51016
5,901,51042
5,902,50959
5,903,50976
5,904,50991
5,905,50920
5,906,50889
5,907,50892
5,908,50867
5,909,50892
5,910,50845
5,911,50866
5,912,50859
5,913,50772
5,914,50826
5,915,50777
5,916,50793
5,917,50779
5,918,50769
5,919,50840
5,920,50815
5,921,50803
5,922,50830
5,923,50915
5,924,50872
5,925,50912
5,926,50855
5,927,50849
5,928,50781
5,929,50820
5,930,50793
5,931,50803
5,932,50823
5,933,50804
5,934,50800
5,935,50805
5,936,50878
5,937,50876
5,938,50877
5,939,50843
5,940,50797
5,941,50814
5,942,50768
5,943,50719
5,944,50723
5,945,50664
5,946,50764
5,947,50710
5,948,50696
5,949,50780
5,950,50815
5,951,50836
5,952,50823
5,953,50833
5,954,50870
5,955,50869
5,956,50869
5,957,50761
5,958,50809
5,959,50826
5,960,50872
5,961,50854
5,962,50833
5,963,50747
5,964,50717
5,965,50707
5,966,50781
5,967,50745
5,968,50800
5,969,50850
5,970,50831
5,971,50854
5,972,50834
5,973,50817
5,974,50862
5,975,50874
5,976,50925
5,977,50911
5,978,50850
5,979,50919
5,980,50940
5,981,50903
5,982,50913
5,983,50898
5,984,50840
5,985,50860
5,986,50910
5,987,50918
5,988,50995
5,989,50988
5,990,51006
5,991,51026
5,992,51035
5,993,51030
5,994,51044
5,995,51036
5,996,51004
5,997,51020
5,998,51037
5,999,51035
5,1000,51019
6,0,163826
6,1,177009
6,2,187917
6,3,197063
6,4,205140
6,5,212024
6,6,217821
6,7,222746
6,8,227107
6,9,230833
6,10,234147
6,11,236950
6,12,239354
6,13,241376
6,14,243119
6,15,244660
6,16,246018
6,17,247150
6,18,248031
6,19,248665
6,20,249127
6,21,249417
6,22,249567
6,23,249827
6,24,249777
6,25,249756
6,26,249467
6,27,249040
6,28,248640
6,29,248732
6,30,278591
6,31,277386
6,32,275586
6,33,273487
6,34,271086
6,35,268333
6,36,265405
6,37,262405
6,38,259325
6,39,256203
6,40,252964
6,41,249802
6,42,246676
6,43,243521
6,44,240369
6,45,237351
6,46,234411
6,47,231345
6,48,228359
6,49,225662
6,50,222882
6,51,220192
6,52,217545
6,53,214875
6,54,212219
6,55,209623
6,56,207022
6,57,204591
6,58,201973
6,59,199412
6,60,196950
6,61,194514
6,62,192256
6,63,189841
6,64,187723
6,65,185429
6,66,183185
6,67,181067
6,68,178907
6,69,176867
6,70,174850
6,71,172821
6,72,170759
6,73,168814
6,74,166884
6,75,164956
6,76,163074
6,77,161169
6,78,159454
6,79,157635
6,80,155987
6,81,154220
6,82,152584
6,83,151015
6,84,149380
6,85,147856
6,86,146161
6,87,144667
6,88,143163
6,89,141661
6,90,140205
6,91,138786
6,92,137383
6,93,136011
6,94,134652
6,95,133325
6,96,132027
6,97,130797
6,98,129464
6,99,128176
6,100,126874
6,101,125626
6,102,124482
6,103,123304
6,104,122129
6,105,120978
6,106,119823
6,107,118708
6,108,117699
6,109,116762
6,110,115662
6,111,114564
6,112,113601
6,113,112625
6,114,111648
6,115,110713
6,116,109820
6,117,108872
6,118,107960
6,119,107082
6,120,106279
6,121,105486
6,122,104606
6,123,103764
6,124,102887
6,125,102119
6,126,101242
6,127,100449
6,128,99633
6,129,98835
6,130,98017
6,131,97322
6,132,96567
6,133,95914
6,134,95192
6,135,94495
6,136,93790
6,137,93087
6,138,92394
6,139,91806
6,140,91140
6,141,90569
6,142,89880
6,143,89235
6,144,88538
6,145,87972
6,146,87458
6,147,86889
6,148,86307
6,149,85738
6,150,85155
6,151,84552
6,152,84018
6,153,83454
6,154,82869
6,155,82354
6,156,81840
6,157,81316
6,158,80820
6,159,80389
6,160,79914
6,161,79497
6,162,79108
6,163,78601
6,164,78091
6,165,77602
6,166,77269
6,167,76794
6,168,76381
6,169,76057
6,170,75623
6,171,75269
6,172,74944
6,173,74583
6,174,74237
6,175,73924
6,176,73618
6,177,73239
6,178,72890
6,179,72625
6,180,72254
6,181,71996
6,182,71692
6,183,71346
6,184,70968
6,185,70653
6,186,70379
6,187,70074
6,188,69859
6,189,69580
6,190,69331
6,191,69026
6,192,68718
6,193,68411
6,194,68174
6,195,67926
6,196,67712
6,197,67477
6,198,67213
6,199,66930
6,200,66671
6,201,66391
6,202,66121
6,203,65862
6,204,65586
6,205,65330
6,206,65144
6,207,64944
6,208,64733
6,209,64570
6,210,64331
6,211,64165
6,212,63959
6,213,63781
6,214,63499
6,215,63394
6,216,63251
6,217,63036
6,218,62860
6,219,62664
6,220,62434
6,221,62251
6,222,62028
6,223,61819
6,224,61660
6,225,61523
6,226,61410
6,227,61252
6,228,60983
6,229,60782
6,230,60602
6,231,60448
6,232,60344
6,233,60208
6,234,60098
6,235,59912
6,236,59709
6,237,59616
6,238,59467
6,239,59295
6,240,59090
6,241,58997
6,242,58899
6,243,58769
6,244,58633
6,245,58482
6,246,58346
6,247,58273
6,248,58223
6,249,58083
6,250,57966
6,251,57858
6,252,57762
6,253,57604
6,254,57474
6,255,57320
6,256,57241
6,257,57176
6,258,57128
6,259,57053
6,260,57007
6,261,56896
6,262,56828
6,263,56729
6,264,56704
6,265,56567
6,266,56509
6,267,56482
6,268,56418
6,269,56305
6,270,56210
6,271,56154
6,272,56058
6,273,55998
6,274,55911
6,275,55854
6,276,55798
6,277,55751
6,278,55773
6,279,55650
6,280,55643
6,281,55574
6,282,55514
6,283,55477
6,284,55420
6,285,55333
6,286,55234
6,287,55156
6,288,55113
6,289,55052
6,290,54939
6,291,54921
6,292,54885
6,293,54786
6,294,54715
6,295,54613
6,296,54526
6,297,54456
6,298,54389
6,299,54243
6,300,54199
6,301,54161
6,302,54147
6,303,54050
6,304,53946
6,305,53909
6,306,53877
6,307,53876
6,308,53824
6,309,53851
6,310,53731
6,311,53713
6,312,53674
6,313,53575
6,314,53513
6,315,53403
6,316,53333
6,317,53312
6,318,53272
6,319,53164
6,320,53127
6,321,53096
6,322,53050
6,323,53049
6,324,52989
6,325,52977
6,326,52915
6,327,52809
6,328,52764
6,329,52815
6,330,52775
6,331,52660
6,332,52655
6,333,52622
6,334,52606
6,335,52655
6,336,52616
6,337,52653
6,338,52574
6,339,52542
6,340,52496
6,341,52464
6,342,52396
6,343,52327
6,344,52319
6,345,52328
6,346,52376
6,347,52385
6,348,52371
6,349,52400
6,350,52404
6,351,52317
6,352,52309
6,353,52257
6,354,52231
6,355,52267
6,356,52247
6,357,52189
6,358,52212
6,359,52167
6,360,52075
6,361,52001
6,362,51949
6,363,51902
6,364,51878
6,365,51854
6,366,51871
6,367,51878
6,368,51895
6,369,51846
6,370,51811
6,371,51757
6,372,51784
6,373,51772
6,374,51801
6,375,51765
6,376,51713
6,377,51708
6,378,51716
6,379,51663
6,380,51607
6,381,51553
6,382,51485
6,383,51429
6,384,51386
6,385,51384
6,386,51337
6,387,51351
6,388,51416
6,389,51434
6,390,51357
6,391,51280
6,392,51246
6,393,51213
6,394,51219
6,395,51214
6,396,51223
6,397,51249
6,398,51225
6,399,51269
6,400,51223
6,401,51199
6,402,51190
6,403,51191
6,404,51257
6,405,51259
6,406,51333
6,407,51317
6,408,51324
6,409,51326
6,410,51285
6,411,51280
6,412,51265
6,413,51278
6,414,51264
6,415,51315
6,416,51285
6,417,51272
6,418,51199
6,419,51210
6,420,51218
6,421,51189
6,422,51236
6,423,51206
6,424,51149
6,425,51176
6,426,51134
6,427,51145
6,428,51165
6,429,51165
6,430,51178
6,431,51144
6,432,51194
6,433,51175
6,434,51147
6,435,51087
6,436,51092
6,437,51065
6,438,51006
6,439,51065
6,440,51061
6,441,51068
6,442,51126
6,443,51151
6,444,51184
6,445,51204
6,446,51272
6,447,51259
6,448,51215
6,449,51181
6,450,51184
6,451,51209
6,452,51173
6,453,51178
6,454,51106
6,455,51079
6,456,51055
6,457,51017
6,458,50973
6,459,50944
6,460,50948
6,461,51002
6,462,51027
6,463,51007
6,464,51004
6,465,51010
6,466,51064
6,467,51056
6,468,51103
6,469,51100
6,470,51110
6,471,51151
6,472,51165
6,473,51181
6,474,51153
6,475,51166
6,476,51163
6,477,51169
6,478,51190
6,479,51248
6,480,51160
6,481,51136
6,482,51173
6,483,51209
6,484,51186
6,485,51260
6,486,51262
6,487,51285
6,488,51251
6,489,51238
6,490,51263
6,491,51230
6,492,51237
6,493,51245
6,494,51186
6,495,51178
6,496,51170
6,497,51217
6,498,51170
6,499,51140
6,500,51137
6,501,51092
6,502,51147
6,503,51154
6,504,51134
6,505,51057
6,506,50999
6,507,50926
6,508,50964
6,509,50962
6,510,50982
6,511,50970
6,512,50965
6,513,51022
6,514,51057
6,515,51035
6,516,51055
6,517,51020
6,518,50945
6,519,50885
6,520,50866
6,521,50837
6,522,50914
6,523,50933
6,524,50936
6,525,50910
6,526,50910
6,527,50910
6,528,50866
6,529,50858
6,530,50837
6,531,50780
6,532,50795
6,533,50795
6,534,50791
6,535,50757
6,536,50802
6,537,50857
6,538,50819
6,539,50828
6,540,50702
6,541,50753
6,542,50765
6,543,50716
6,544,50727
6,545,50804
6,546,50848
6,547,50950
6,548,50928
6,549,50905
6,550,50921
6,551,50928
6,552,50943
6,553,50901
6,554,50884
6,555,50895
6,556,50859
6,557,50865
6,558,50857
6,559,50851
6,560,50801
6,561,50764
6,562,50712
6,563,50730
6,564,50719
6,565,50719
6,566,50663
6,567,50688
6,568,50786
6,569,50805
6,570,50760
6,571,50760
6,572,50726
6,573,50617
6,574,50577
6,575,50573
6,576,50584
6,577,50482
6,578,50512
6,579,50562
6,580,50541
6,581,50520
6,582,50522
6,583,50552
6,584,50617
6,585,50688
6,586,50671
6,587,50771
6,588,50784
6,589,50750
6,590,50815
6,591,50771
6,592,50773
6,593,50827
6,594,50778
6,595,50762
6,596,50764
6,597,50804
6,598,50749
6,599,50759
6,600,50753
6,601,50773
6,602,50752
6,603,50735
6,604,50737
6,605,50688
6,606,50694
6,607,50697
6,608,50644
6,609,50613
6,610,50576
6,611,50613
6,612,50600
6,613,50687
6,614,50707
6,615,50781
6,616,50797
6,617,50812
6,618,50806
6,619,50794
6,620,50794
6,621,50760
6,622,50681
6,623,50691
6,624,50667
6,625,50713
6,626,50690
6,627,50721
6,628,50673
6,629,50668
6,630,50710
6,631,50714
6,632,50692
6,633,50665
6,634,50648
6,635,50608
6,636,50602
6,637,50566
6,638,50623
6,639,50589
6,640,50588
6,641,50598
6,642,50593
6,643,50628
6,644,50593
6,645,50623
6,646,50694
6,647,50680
6,648,50694
6,649,50643
6,650,50655
6,651,50650
6,652,50725
6,653,50793
6,654,50811
6,655,50804
6,656,50818
6,657,50812
6,658,50845
6,659,50781
6,660,50833
6,661,50845
6,662,50883
6,663,50842
6,664,50837
6,665,50816
6,666,50818
6,667,50761
6,668,50755
6,669,50812
6,670,50783
6,671,50781
6,672,50814
6,673,50854
6,674,50844
6,675,50838
6,676,50853
6,677,50870
6,678,50819
6,679,50789
6,680,50859
6,681,50908
6,682,50959
6,683,51019
6,684,50995
6,685,50974
6,686,50905
6,687,50908
6,688,50849
6,689,50841
6,690,50859
6,691,50834
6,692,50849
6,693,50853
6,694,50815
6,695,50809
6,696,50795
6,697,50787
6,698,50846
6,699,50810
6,700,50842
6,701,50821
6,702,50849
6,703,50804
6,704,50803
6,705,50771
6,706,50691
6,707,50760
6,708,50749
6,709,50755
6,710,50737
6,711,50817
6,712,50850
6,713,50762
6,714,50747
6,715,50725
6,716,50758
6,717,50784
6,718,50818
6,719,50799
6,720,50786
6,721,50705
6,722,50680
6,723,50725
6,724,50732
6,725,50722
6,726,50720
6,727,50673
6,728,50671
6,729,50602
6,730,50641
6,731,50586
6,732,50556
6,733,50608
6,734,50581
6,735,50643
6,736,50590
6,737,50573
6,738,50683
6,739,50672
6,740,50724
6,741,50724
6,742,50684
6,743,50667
6,744,50659
6,745,50668
6,746,50667
6,747,50655
6,748,50661
6,749,50618
6,750,50655
6,751,50630
6,752,50605
6,753,50650
6,754,50686
6,755,50692
6,756,50733
6,757,50718
6,758,50817
6,759,50861
6,760,50812
6,761,50814
6,762,50781
6,763,50821
6,764,50811
6,765,50809
6,766,50816
6,767,50817
6,768,50846
6,769,50865
6,770,50829
6,771,50844
6,772,50888
6,773,50911
6,774,50996
6,775,51023
6,776,51018
6,777,50995
6,778,51017
6,779,50993
6,780,51036
6,781,51077
6,782,51050
6,783,51089
6,784,51084
6,785,51082
6,786,51080
6,787,51087
6,788,51035
6,789,51024
6,790,51010
6,791,50966
6,792,50916
6,793,50945
6,794,50974
6,795,50946
6,796,50955
6,797,50887
6,798,50910
6,799,50913
6,800,50901
6,801,50909
6,802,50946
6,803,50902
6,804,50956
6,805,50829
6,806,50812
6,807,50845
6,808,50803
6,809,50792
6,810,50818
6,811,50812
6,812,50805
6,813,50758
6,814,50728
6,815,50694
6,816,50689
6,817,50748
6,818,50731
6,819,50777
6,820,50856
6,821,50877
6,822,50897
6,823,50892
6,824,50937
6,825,50947
6,826,50925
6,827,50870
6,828,50841
6,829,50819
6,830,50881
6,831,50823
6,832,50879
6,833,50890
6,834,50831
6,835,50782
6,836,50790
6,837,50750
6,838,50736
6,839,50752
6,840,50682
6,841,50656
6,842,50566
6,843,50523
6,844,50548
6,845,50539
6,846,50553
6,847,50570
6,848,50593
6,849,50559
6,850,50533
6,851,50604
6,852,50536
6,853,50542
6,854,50575
6,855,50583
6,856,50528
6,857,50548
6,858,50570
6,859,50591
6,860,50561
6,861,50643
6,862,50673
6,863,50684
6,864,50675
6,865,50665
6,866,50665
6,867,50672
6,868,50681
6,869,50728
6,870,50789
6,871,50813
6,872,50759
6,873,50819
6,874,50794
6,875,50755
6,876,50717
6,877,50729
6,878,50787
6,879,50802
6,880,50771
6,881,50776
6,882,50791
6,883,50739
6,884,50736
6,885,50766
6,886,50782
6,887,50793
6,888,50841
6,889,50832
6,890,50839
6,891,50794
6,892,50844
6,893,50840
6,894,50843
6,895,50825
6,896,50756
6,897,50772
6,898,50801
6,899,50841
6,900,50845
6,901,50903
6,902,50897
6,903,50955
6,904,50932
6,905,50897
6,906,50913
6,907,50946
6,908,50889
6,909,50861
6,910,50825
6,911,50874
6,912,50878
6,913,50840
6,914,50811
6,915,50815
6,916,50837
6,917,50799
6,918,50763
6,919,50762
6,920,50775
6,921,50818
6,922,50806
6,923,50803
6,924,50729
6,925,50736
6,926,50777
6,927,50814
6,928,50798
6,929,50725
6,930,50751
6,931,50810
6,932,50774
6,933,50747
6,934,50778
6,935,50749
6,936,50772
6,937,50810
6,938,50838
6,939,50859
6,940,50852
6,941,50852
6,942,50764
6,943,50780
6,944,50739
6,945,50765
6,946,50773
6,947,50747
6,948,50696
6,949,50663
6,950,50608
6,951,50624
6,952,50633
6,953,50610
6,954,50653
6,955,50710
6,956,50742
6,957,50685
6,958,50650
6,959,50647
6,960,50617
6,961,50524
6,962,50512
6,963,50508
6,964,50483
6,965,50512
6,966,50527
6,967,50541
6,968,50628
6,969,50693
6,970,50715
6,971,50692
6,972,50666
6,973,50658
6,974,50679
6,975,50591
6,976,50593
6,977,50571
6,978,50540
6,979,50511
6,980,50522
6,981,50503
6,982,50519
6,983,50559
6,984,50539
6,985,50557
6,986,50520
6,987,50505
6,988,50516
6,989,50563
6,990,50596
6,991,50640
6,992,50630
6,993,50605
6,994,50626
6,995,50639
6,996,50657
6,997,50668
6,998,50675
6,999,50691
6,1000,50648
