1,0,819000
1,1,819000
1,2,819000
1,3,819000
1,4,819000
1,5,819000
1,6,819000
1,7,819000
1,8,819000
1,9,819000
1,10,819000
1,11,819000
1,12,819000
1,13,819000
1,14,819000
1,15,819000
1,16,819000
1,17,819000
1,18,819000
1,19,819000
1,20,819000
1,21,819000
1,22,819000
1,23,819000
1,24,819000
1,25,819000
1,26,819000
1,27,819000
1,28,819000
1,29,819000
1,30,819000
1,31,819000
1,32,819000
1,33,819000
1,34,819000
1,35,819000
1,36,819000
1,37,819000
1,38,819000
1,39,819000
1,40,819000
1,41,819000
1,42,819000
1,43,819000
1,44,819000
1,45,819000
1,46,819000
1,47,819000
1,48,819000
1,49,819000
1,50,819000
1,51,819000
1,52,819000
1,53,819000
1,54,819000
1,55,819000
1,56,819000
1,57,819000
1,58,819000
1,59,819000
1,60,819000
1,61,819000
1,62,819000
1,63,819000
1,64,819000
1,65,819000
1,66,819000
1,67,819000
1,68,819000
1,69,819000
1,70,819000
1,71,819000
1,72,819000
1,73,819000
1,74,819000
1,75,819000
1,76,819000
1,77,819000
1,78,819000
1,79,819000
1,80,819000
1,81,819000
1,82,819000
1,83,819000
1,84,819000
1,85,819000
1,86,819000
1,87,819000
1,88,819000
1,89,819000
1,90,819000
1,91,819000
1,92,819000
1,93,819000
1,94,819000
1,95,819000
1,96,819000
1,97,819000
1,98,819000
1,99,819000
1,100,819000
1,101,819000
1,102,819000
1,103,819000
1,104,819000
1,105,819000
1,106,819000
1,107,819000
1,108,819000
1,109,819000
1,110,819000
1,111,819000
1,112,819000
1,113,819000
1,114,819000
1,115,819000
1,116,819000
1,117,819000
1,118,819000
1,119,819000
1,120,819000
1,121,819000
1,122,819000
1,123,819000
1,124,819000
1,125,819000
1,126,819000
1,127,819000
1,128,819000
1,129,819000
1,130,819000
1,131,819000
1,132,819000
1,133,819000
1,134,819000
1,135,819000
1,136,819000
1,137,819000
1,138,819000
1,139,819000
1,140,819000
1,141,819000
1,142,819000
1,143,819000
1,144,819000
1,145,819000
1,146,819000
1,147,819000
1,148,819000
1,149,819000
1,150,819000
1,151,819000
1,152,819000
1,153,819000
1,154,819000
1,155,819000
1,156,819000
1,157,819000
1,158,819000
1,159,819000
1,160,819000
1,161,819000
1,162,819000
1,163,819000
1,164,819000
1,165,819000
1,166,819000
1,167,819000
1,168,819000
1,169,819000
1,170,819000
1,171,819000
1,172,819000
1,173,819000
1,174,819000
1,175,819000
1,176,819000
1,177,819000
1,178,819000
1,179,819000
1,180,819000
1,181,819000
1,182,819000
1,183,819000
1,184,819000
1,185,819000
1,186,819000
1,187,819000
1,188,819000
1,189,819000
1,190,819000
1,191,819000
1,192,819000
1,193,819000
1,194,819000
1,195,819000
1,196,819000
1,197,819000
1,198,819000
1,199,819000
1,200,819000
1,201,819000
1,202,819000
1,203,819000
1,204,819000
1,205,819000
1,206,819000
1,207,819000
1,208,819000
1,209,819000
1,210,819000
1,211,819000
1,212,819000
1,213,819000
1,214,819000
1,215,819000
1,216,819000
1,217,819000
1,218,819000
1,219,819000
1,220,819000
1,221,819000
1,222,819000
1,223,819000
1,224,819000
1,225,819000
1,226,819000
1,227,819000
1,228,819000
1,229,819000
1,230,819000
1,231,819000
1,232,819000
1,233,819000
1,234,819000
1,235,819000
1,236,819000
1,237,819000
1,238,819000
1,239,819000
1,240,819000
1,241,819000
1,242,819000
1,243,819000
1,244,819000
1,245,819000
1,246,819000
1,247,819000
1,248,819000
1,249,819000
1,250,819000
1,251,819000
1,252,819000
1,253,819000
1,254,819000
1,255,819000
1,256,819000
1,257,819000
1,258,819000
1,259,819000
1,260,819000
1,261,819000
1,262,819000
1,263,819000
1,264,819000
1,265,819000
1,266,819000
1,267,819000
1,268,819000
1,269,819000
1,270,819000
1,271,819000
1,272,819000
1,273,819000
1,274,819000
1,275,819000
1,276,819000
1,277,819000
1,278,819000
1,279,819000
1,280,819000
1,281,819000
1,282,819000
1,283,819000
1,284,819000
1,285,819000
1,286,819000
1,287,819000
1,288,819000
1,289,819000
1,290,819000
1,291,819000
1,292,819000
1,293,819000
1,294,819000
1,295,819000
1,296,819000
1,297,819000
1,298,819000
1,299,819000
1,300,819000
1,301,819000
1,302,819000
1,303,819000
1,304,819000
1,305,819000
1,306,819000
1,307,819000
1,308,819000
1,309,819000
1,310,819000
1,311,819000
1,312,819000
1,313,819000
1,314,819000
1,315,819000
1,316,819000
1,317,819000
1,318,819000
1,319,819000
1,320,819000
1,321,819000
1,322,819000
1,323,819000
1,324,819000
1,325,819000
1,326,819000
1,327,819000
1,328,819000
1,329,819000
1,330,819000
1,331,819000
1,332,819000
1,333,819000
1,334,819000
1,335,819000
1,336,819000
1,337,819000
1,338,819000
1,339,819000
1,340,819000
1,341,819000
1,342,819000
1,343,819000
1,344,819000
1,345,819000
1,346,819000
1,347,819000
1,348,819000
1,349,819000
1,350,819000
1,351,819000
1,352,819000
1,353,819000
1,354,819000
1,355,819000
1,356,819000
1,357,819000
1,358,819000
1,359,819000
1,360,819000
1,361,819000
1,362,819000
1,363,819000
1,364,819000
1,365,819000
1,366,819000
1,367,819000
1,368,819000
1,369,819000
1,370,819000
1,371,819000
1,372,819000
1,373,819000
1,374,819000
1,375,819000
1,376,819000
1,377,819000
1,378,819000
1,379,819000
1,380,819000
1,381,819000
1,382,819000
1,383,819000
1,384,819000
1,385,819000
1,386,819000
1,387,819000
1,388,819000
1,389,819000
1,390,819000
1,391,819000
1,392,819000
1,393,819000
1,394,819000
1,395,819000
1,396,819000
1,397,819000
1,398,819000
1,399,819000
1,400,819000
1,401,819000
1,402,819000
1,403,819000
1,404,819000
1,405,819000
1,406,819000
1,407,819000
1,408,819000
1,409,819000
1,410,819000
1,411,819000
1,412,819000
1,413,819000
1,414,819000
1,415,819000
1,416,819000
1,417,819000
1,418,819000
1,419,819000
1,420,819000
1,421,819000
1,422,819000
1,423,819000
1,424,819000
1,425,819000
1,426,819000
1,427,819000
1,428,819000
1,429,819000
1,430,819000
1,431,819000
1,432,819000
1,433,819000
1,434,819000
1,435,819000
1,436,819000
1,437,819000
1,438,819000
1,439,819000
1,440,819000
1,441,819000
1,442,819000
1,443,819000
1,444,819000
1,445,819000
1,446,819000
1,447,819000
1,448,819000
1,449,819000
1,450,819000
1,451,819000
1,452,819000
1,453,819000
1,454,819000
1,455,819000
1,456,819000
1,457,819000
1,458,819000
1,459,819000
1,460,819000
1,461,819000
1,462,819000
1,463,819000
1,464,819000
1,465,819000
1,466,819000
1,467,819000
1,468,819000
1,469,819000
1,470,819000
1,471,819000
1,472,819000
1,473,819000
1,474,819000
1,475,819000
1,476,819000
1,477,819000
1,478,819000
1,479,819000
1,480,819000
1,481,819000
1,482,819000
1,483,819000
1,484,819000
1,485,819000
1,486,819000
1,487,819000
1,488,819000
1,489,819000
1,490,819000
1,491,819000
1,492,819000
1,493,819000
1,494,819000
1,495,819000
1,496,819000
1,497,819000
1,498,819000
1,499,819000
1,500,819000
1,501,819000
1,502,819000
1,503,819000
1,504,819000
1,505,819000
1,506,819000
1,507,819000
1,508,819000
1,509,819000
1,510,819000
1,511,819000
1,512,819000
1,513,819000
1,514,819000
1,515,819000
1,516,819000
1,517,819000
1,518,819000
1,519,819000
1,520,819000
1,521,819000
1,522,819000
1,523,819000
1,524,819000
1,525,819000
1,526,819000
1,527,819000
1,528,819000
1,529,819000
1,530,819000
1,531,819000
1,532,819000
1,533,819000
1,534,819000
1,535,819000
1,536,819000
1,537,819000
1,538,819000
1,539,819000
1,540,819000
1,541,819000
1,542,819000
1,543,819000
1,544,819000
1,545,819000
1,546,819000
1,547,819000
1,548,819000
1,549,819000
1,550,819000
1,551,819000
1,552,819000
1,553,819000
1,554,819000
1,555,819000
1,556,819000
1,557,819000
1,558,819000
1,559,819000
1,560,819000
1,561,819000
1,562,819000
1,563,819000
1,564,819000
1,565,819000
1,566,819000
1,567,819000
1,568,819000
1,569,819000
1,570,819000
1,571,819000
1,572,819000
1,573,819000
1,574,819000
1,575,819000
1,576,819000
1,577,819000
1,578,819000
1,579,819000
1,580,819000
1,581,819000
1,582,819000
1,583,819000
1,584,819000
1,585,819000
1,586,819000
1,587,819000
1,588,819000
1,589,819000
1,590,819000
1,591,819000
1,592,819000
1,593,819000
1,594,819000
1,595,819000
1,596,819000
1,597,819000
1,598,819000
1,599,819000
1,600,819000
1,601,819000
1,602,819000
1,603,819000
1,604,819000
1,605,819000
1,606,819000
1,607,819000
1,608,819000
1,609,819000
1,610,819000
1,611,819000
1,612,819000
1,613,819000
1,614,819000
1,615,819000
1,616,819000
1,617,819000
1,618,819000
1,619,819000
1,620,819000
1,621,819000
1,622,819000
1,623,819000
1,624,819000
1,625,819000
1,626,819000
1,627,819000
1,628,819000
1,629,819000
1,630,819000
1,631,819000
1,632,819000
1,633,819000
1,634,819000
1,635,819000
1,636,819000
1,637,819000
1,638,819000
1,639,819000
1,640,819000
1,641,819000
1,642,819000
1,643,819000
1,644,819000
1,645,819000
1,646,819000
1,647,819000
1,648,819000
1,649,819000
1,650,819000
1,651,819000
1,652,819000
1,653,819000
1,654,819000
1,655,819000
1,656,819000
1,657,819000
1,658,819000
1,659,819000
1,660,819000
1,661,819000
1,662,819000
1,663,819000
1,664,819000
1,665,819000
1,666,819000
1,667,819000
1,668,819000
1,669,819000
1,670,819000
1,671,819000
1,672,819000
1,673,819000
1,674,819000
1,675,819000
1,676,819000
1,677,819000
1,678,819000
1,679,819000
1,680,819000
1,681,819000
1,682,819000
1,683,819000
1,684,819000
1,685,819000
1,686,819000
1,687,819000
1,688,819000
1,689,819000
1,690,819000
1,691,819000
1,692,819000
1,693,819000
1,694,819000
1,695,819000
1,696,819000
1,697,819000
1,698,819000
1,699,819000
1,700,819000
1,701,819000
1,702,819000
1,703,819000
1,704,819000
1,705,819000
1,706,819000
1,707,819000
1,708,819000
1,709,819000
1,710,819000
1,711,819000
1,712,819000
1,713,819000
1,714,819000
1,715,819000
1,716,819000
1,717,819000
1,718,819000
1,719,819000
1,720,819000
1,721,819000
1,722,819000
1,723,819000
1,724,819000
1,725,819000
1,726,819000
1,727,819000
1,728,819000
1,729,819000
1,730,819000
1,731,819000
1,732,819000
1,733,819000
1,734,819000
1,735,819000
1,736,819000
1,737,819000
1,738,819000
1,739,819000
1,740,819000
1,741,819000
1,742,819000
1,743,819000
1,744,819000
1,745,819000
1,746,819000
1,747,819000
1,748,819000
1,749,819000
1,750,819000
1,751,819000
1,752,819000
1,753,819000
1,754,819000
1,755,819000
1,756,819000
1,757,819000
1,758,819000
1,759,819000
1,760,819000
1,761,819000
1,762,819000
1,763,819000
1,764,819000
1,765,819000
1,766,819000
1,767,819000
1,768,819000
1,769,819000
1,770,819000
1,771,819000
1,772,819000
1,773,819000
1,774,819000
1,775,819000
1,776,819000
1,777,819000
1,778,819000
1,779,819000
1,780,819000
1,781,819000
1,782,819000
1,783,819000
1,784,819000
1,785,819000
1,786,819000
1,787,819000
1,788,819000
1,789,819000
1,790,819000
1,791,819000
1,792,819000
1,793,819000
1,794,819000
1,795,819000
1,796,819000
1,797,819000
1,798,819000
1,799,819000
1,800,819000
1,801,819000
1,802,819000
1,803,819000
1,804,819000
1,805,819000
1,806,819000
1,807,819000
1,808,819000
1,809,819000
1,810,819000
1,811,819000
1,812,819000
1,813,819000
1,814,819000
1,815,819000
1,816,819000
1,817,819000
1,818,819000
1,819,819000
1,820,819000
1,821,819000
1,822,819000
1,823,819000
1,824,819000
1,825,819000
1,826,819000
1,827,819000
1,828,819000
1,829,819000
1,830,819000
1,831,819000
1,832,819000
1,833,819000
1,834,819000
1,835,819000
1,836,819000
1,837,819000
1,838,819000
1,839,819000
1,840,819000
1,841,819000
1,842,819000
1,843,819000
1,844,819000
1,845,819000
1,846,819000
1,847,819000
1,848,819000
1,849,819000
1,850,819000
1,851,819000
1,852,819000
1,853,819000
1,854,819000
1,855,819000
1,856,819000
1,857,819000
1,858,819000
1,859,819000
1,860,819000
1,861,819000
1,862,819000
1,863,819000
1,864,819000
1,865,819000
1,866,819000
1,867,819000
1,868,819000
1,869,819000
1,870,819000
1,871,819000
1,872,819000
1,873,819000
1,874,819000
1,875,819000
1,876,819000
1,877,819000
1,878,819000
1,879,819000
1,880,819000
1,881,819000
1,882,819000
1,883,819000
1,884,819000
1,885,819000
1,886,819000
1,887,819000
1,888,819000
1,889,819000
1,890,819000
1,891,819000
1,892,819000
1,893,819000
1,894,819000
1,895,819000
1,896,819000
1,897,819000
1,898,819000
1,899,819000
1,900,819000
1,901,819000
1,902,819000
1,903,819000
1,904,819000
1,905,819000
1,906,819000
1,907,819000
1,908,819000
1,909,819000
1,910,819000
1,911,819000
1,912,819000
1,913,819000
1,914,819000
1,915,819000
1,916,819000
1,917,819000
1,918,819000
1,919,819000
1,920,819000
1,921,819000
1,922,819000
1,923,819000
1,924,819000
1,925,819000
1,926,819000
1,927,819000
1,928,819000
1,929,819000
1,930,819000
1,931,819000
1,932,819000
1,933,819000
1,934,819000
1,935,819000
1,936,819000
1,937,819000
1,938,819000
1,939,819000
1,940,819000
1,941,819000
1,942,819000
1,943,819000
1,944,819000
1,945,819000
1,946,819000
1,947,819000
1,948,819000
1,949,819000
1,950,819000
1,951,819000
1,952,819000
1,953,819000
1,954,819000
1,955,819000
1,956,819000
1,957,819000
1,958,819000
1,959,819000
1,960,819000
1,961,819000
1,962,819000
1,963,819000
1,964,819000
1,965,819000
1,966,819000
1,967,819000
1,968,819000
1,969,819000
1,970,819000
1,971,819000
1,972,819000
1,973,819000
1,974,819000
1,975,819000
1,976,819000
1,977,819000
1,978,819000
1,979,819000
1,980,819000
1,981,819000
1,982,819000
1,983,819000
1,984,819000
1,985,819000
1,986,819000
1,987,819000
1,988,819000
1,989,819000
1,990,819000
1,991,819000
1,992,819000
1,993,819000
1,994,819000
1,995,819000
1,996,819000
1,997,819000
1,998,819000
1,999,819000
1,1000,819000
2,0,819000
2,1,819000
2,2,819000
2,3,819000
2,4,819000
2,5,819000
2,6,819000
2,7,819000
2,8,819000
2,9,819000
2,10,819000
2,11,819000
2,12,819000
2,13,819000
2,14,819000
2,15,819000
2,16,819000
2,17,819000
2,18,819000
2,19,819000
2,20,819000
2,21,819000
2,22,819000
2,23,819000
2,24,819000
2,25,819000
2,26,819000
2,27,819000
2,28,819000
2,29,819000
2,30,819000
2,31,819000
2,32,819000
2,33,819000
2,34,819000
2,35,819000
2,36,819000
2,37,819000
2,38,819000
2,39,819000
2,40,819000
2,41,819000
2,42,819000
2,43,819000
2,44,819000
2,45,819000
2,46,819000
2,47,819000
2,48,819000
2,49,819000
2,50,819000
2,51,819000
2,52,819000
2,53,819000
2,54,819000
2,55,819000
2,56,819000
2,57,819000
2,58,819000
2,59,819000
2,60,819000
2,61,819000
2,62,819000
2,63,819000
2,64,819000
2,65,819000
2,66,819000
2,67,819000
2,68,819000
2,69,819000
2,70,819000
2,71,819000
2,72,819000
2,73,819000
2,74,819000
2,75,819000
2,76,819000
2,77,819000
2,78,819000
2,79,819000
2,80,819000
2,81,819000
2,82,819000
2,83,819000
2,84,819000
2,85,819000
2,86,819000
2,87,819000
2,88,819000
2,89,819000
2,90,819000
2,91,819000
2,92,819000
2,93,819000
2,94,819000
2,95,819000
2,96,819000
2,97,819000
2,98,819000
2,99,819000
2,100,819000
2,101,819000
2,102,819000
2,103,819000
2,104,819000
2,105,819000
2,106,819000
2,107,819000
2,108,819000
2,109,819000
2,110,819000
2,111,819000
2,112,819000
2,113,819000
2,114,819000
2,115,819000
2,116,819000
2,117,819000
2,118,819000
2,119,819000
2,120,819000
2,121,819000
2,122,819000
2,123,819000
2,124,819000
2,125,819000
2,126,819000
2,127,819000
2,128,819000
2,129,819000
2,130,819000
2,131,819000
2,132,819000
2,133,819000
2,134,819000
2,135,819000
2,136,819000
2,137,819000
2,138,819000
2,139,819000
2,140,819000
2,141,819000
2,142,819000
2,143,819000
2,144,819000
2,145,819000
2,146,819000
2,147,819000
2,148,819000
2,149,819000
2,150,819000
2,151,819000
2,152,819000
2,153,819000
2,154,819000
2,155,819000
2,156,819000
2,157,819000
2,158,819000
2,159,819000
2,160,819000
2,161,819000
2,162,819000
2,163,819000
2,164,819000
2,165,819000
2,166,819000
2,167,819000
2,168,819000
2,169,819000
2,170,819000
2,171,819000
2,172,819000
2,173,819000
2,174,819000
2,175,819000
2,176,819000
2,177,819000
2,178,819000
2,179,819000
2,180,819000
2,181,819000
2,182,819000
2,183,819000
2,184,819000
2,185,819000
2,186,819000
2,187,819000
2,188,819000
2,189,819000
2,190,819000
2,191,819000
2,192,819000
2,193,819000
2,194,819000
2,195,819000
2,196,819000
2,197,819000
2,198,819000
2,199,819000
2,200,819000
2,201,819000
2,202,819000
2,203,819000
2,204,819000
2,205,819000
2,206,819000
2,207,819000
2,208,819000
2,209,819000
2,210,819000
2,211,819000
2,212,819000
2,213,819000
2,214,819000
2,215,819000
2,216,819000
2,217,819000
2,218,819000
2,219,819000
2,220,819000
2,221,819000
2,222,819000
2,223,819000
2,224,819000
2,225,819000
2,226,819000
2,227,819000
2,228,819000
2,229,819000
2,230,819000
2,231,819000
2,232,819000
2,233,819000
2,234,819000
2,235,819000
2,236,819000
2,237,819000
2,238,819000
2,239,819000
2,240,819000
2,241,819000
2,242,819000
2,243,819000
2,244,819000
2,245,819000
2,246,819000
2,247,819000
2,248,819000
2,249,819000
2,250,819000
2,251,819000
2,252,819000
2,253,819000
2,254,819000
2,255,819000
2,256,819000
2,257,819000
2,258,819000
2,259,819000
2,260,819000
2,261,819000
2,262,819000
2,263,819000
2,264,819000
2,265,819000
2,266,819000
2,267,819000
2,268,819000
2,269,819000
2,270,819000
2,271,819000
2,272,819000
2,273,819000
2,274,819000
2,275,819000
2,276,819000
2,277,819000
2,278,819000
2,279,819000
2,280,819000
2,281,819000
2,282,819000
2,283,819000
2,284,819000
2,285,819000
2,286,819000
2,287,819000
2,288,819000
2,289,819000
2,290,819000
2,291,819000
2,292,819000
2,293,819000
2,294,819000
2,295,819000
2,296,819000
2,297,819000
2,298,819000
2,299,819000
2,300,819000
2,301,819000
2,302,819000
2,303,819000
2,304,819000
2,305,819000
2,306,819000
2,307,819000
2,308,819000
2,309,819000
2,310,819000
2,311,819000
2,312,819000
2,313,819000
2,314,819000
2,315,819000
2,316,819000
2,317,819000
2,318,819000
2,319,819000
2,320,819000
2,321,819000
2,322,819000
2,323,819000
2,324,819000
2,325,819000
2,326,819000
2,327,819000
2,328,819000
2,329,819000
2,330,819000
2,331,819000
2,332,819000
2,333,819000
2,334,819000
2,335,819000
2,336,819000
2,337,819000
2,338,819000
2,339,819000
2,340,819000
2,341,819000
2,342,819000
2,343,819000
2,344,819000
2,345,819000
2,346,819000
2,347,819000
2,348,819000
2,349,819000
2,350,819000
2,351,819000
2,352,819000
2,353,819000
2,354,819000
2,355,819000
2,356,819000
2,357,819000
2,358,819000
2,359,819000
2,360,819000
2,361,819000
2,362,819000
2,363,819000
2,364,819000
2,365,819000
2,366,819000
2,367,819000
2,368,819000
2,369,819000
2,370,819000
2,371,819000
2,372,819000
2,373,819000
2,374,819000
2,375,819000
2,376,819000
2,377,819000
2,378,819000
2,379,819000
2,380,819000
2,381,819000
2,382,819000
2,383,819000
2,384,819000
2,385,819000
2,386,819000
2,387,819000
2,388,819000
2,389,819000
2,390,819000
2,391,819000
2,392,819000
2,393,819000
2,394,819000
2,395,819000
2,396,819000
2,397,819000
2,398,819000
2,399,819000
2,400,819000
2,401,819000
2,402,819000
2,403,819000
2,404,819000
2,405,819000
2,406,819000
2,407,819000
2,408,819000
2,409,819000
2,410,819000
2,411,819000
2,412,819000
2,413,819000
2,414,819000
2,415,819000
2,416,819000
2,417,819000
2,418,819000
2,419,819000
2,420,819000
2,421,819000
2,422,819000
2,423,819000
2,424,819000
2,425,819000
2,426,819000
2,427,819000
2,428,819000
2,429,819000
2,430,819000
2,431,819000
2,432,819000
2,433,819000
2,434,819000
2,435,819000
2,436,819000
2,437,819000
2,438,819000
2,439,819000
2,440,819000
2,441,819000
2,442,819000
2,443,819000
2,444,819000
2,445,819000
2,446,819000
2,447,819000
2,448,819000
2,449,819000
2,450,819000
2,451,819000
2,452,819000
2,453,819000
2,454,819000
2,455,819000
2,456,819000
2,457,819000
2,458,819000
2,459,819000
2,460,819000
2,461,819000
2,462,819000
2,463,819000
2,464,819000
2,465,819000
2,466,819000
2,467,819000
2,468,819000
2,469,819000
2,470,819000
2,471,819000
2,472,819000
2,473,819000
2,474,819000
2,475,819000
2,476,819000
2,477,819000
2,478,819000
2,479,819000
2,480,819000
2,481,819000
2,482,819000
2,483,819000
2,484,819000
2,485,819000
2,486,819000
2,487,819000
2,488,819000
2,489,819000
2,490,819000
2,491,819000
2,492,819000
2,493,819000
2,494,819000
2,495,819000
2,496,819000
2,497,819000
2,498,819000
2,499,819000
2,500,819000
2,501,819000
2,502,819000
2,503,819000
2,504,819000
2,505,819000
2,506,819000
2,507,819000
2,508,819000
2,509,819000
2,510,819000
2,511,819000
2,512,819000
2,513,819000
2,514,819000
2,515,819000
2,516,819000
2,517,819000
2,518,819000
2,519,819000
2,520,819000
2,521,819000
2,522,819000
2,523,819000
2,524,819000
2,525,819000
2,526,819000
2,527,819000
2,528,819000
2,529,819000
2,530,819000
2,531,819000
2,532,819000
2,533,819000
2,534,819000
2,535,819000
2,536,819000
2,537,819000
2,538,819000
2,539,819000
2,540,819000
2,541,819000
2,542,819000
2,543,819000
2,544,819000
2,545,819000
2,546,819000
2,547,819000
2,548,819000
2,549,819000
2,550,819000
2,551,819000
2,552,819000
2,553,819000
2,554,819000
2,555,819000
2,556,819000
2,557,819000
2,558,819000
2,559,819000
2,560,819000
2,561,819000
2,562,819000
2,563,819000
2,564,819000
2,565,819000
2,566,819000
2,567,819000
2,568,819000
2,569,819000
2,570,819000
2,571,819000
2,572,819000
2,573,819000
2,574,819000
2,575,819000
2,576,819000
2,577,819000
2,578,819000
2,579,819000
2,580,819000
2,581,819000
2,582,819000
2,583,819000
2,584,819000
2,585,819000
2,586,819000
2,587,819000
2,588,819000
2,589,819000
2,590,819000
2,591,819000
2,592,819000
2,593,819000
2,594,819000
2,595,819000
2,596,819000
2,597,819000
2,598,819000
2,599,819000
2,600,819000
2,601,819000
2,602,819000
2,603,819000
2,604,819000
2,605,819000
2,606,819000
2,607,819000
2,608,819000
2,609,819000
2,610,819000
2,611,819000
2,612,819000
2,613,819000
2,614,819000
2,615,819000
2,616,819000
2,617,819000
2,618,819000
2,619,819000
2,620,819000
2,621,819000
2,622,819000
2,623,819000
2,624,819000
2,625,819000
2,626,819000
2,627,819000
2,628,819000
2,629,819000
2,630,819000
2,631,819000
2,632,819000
2,633,819000
2,634,819000
2,635,819000
2,636,819000
2,637,819000
2,638,819000
2,639,819000
2,640,819000
2,641,819000
2,642,819000
2,643,819000
2,644,819000
2,645,819000
2,646,819000
2,647,819000
2,648,819000
2,649,819000
2,650,819000
2,651,819000
2,652,819000
2,653,819000
2,654,819000
2,655,819000
2,656,819000
2,657,819000
2,658,819000
2,659,819000
2,660,819000
2,661,819000
2,662,819000
2,663,819000
2,664,819000
2,665,819000
2,666,819000
2,667,819000
2,668,819000
2,669,819000
2,670,819000
2,671,819000
2,672,819000
2,673,819000
2,674,819000
2,675,819000
2,676,819000
2,677,819000
2,678,819000
2,679,819000
2,680,819000
2,681,819000
2,682,819000
2,683,819000
2,684,819000
2,685,819000
2,686,819000
2,687,819000
2,688,819000
2,689,819000
2,690,819000
2,691,819000
2,692,819000
2,693,819000
2,694,819000
2,695,819000
2,696,819000
2,697,819000
2,698,819000
2,699,819000
2,700,819000
2,701,819000
2,702,819000
2,703,819000
2,704,819000
2,705,819000
2,706,819000
2,707,819000
2,708,819000
2,709,819000
2,710,819000
2,711,819000
2,712,819000
2,713,819000
2,714,819000
2,715,819000
2,716,819000
2,717,819000
2,718,819000
2,719,819000
2,720,819000
2,721,819000
2,722,819000
2,723,819000
2,724,819000
2,725,819000
2,726,819000
2,727,819000
2,728,819000
2,729,819000
2,730,819000
2,731,819000
2,732,819000
2,733,819000
2,734,819000
2,735,819000
2,736,819000
2,737,819000
2,738,819000
2,739,819000
2,740,819000
2,741,819000
2,742,819000
2,743,819000
2,744,819000
2,745,819000
2,746,819000
2,747,819000
2,748,819000
2,749,819000
2,750,819000
2,751,819000
2,752,819000
2,753,819000
2,754,819000
2,755,819000
2,756,819000
2,757,819000
2,758,819000
2,759,819000
2,760,819000
2,761,819000
2,762,819000
2,763,819000
2,764,819000
2,765,819000
2,766,819000
2,767,819000
2,768,819000
2,769,819000
2,770,819000
2,771,819000
2,772,819000
2,773,819000
2,774,819000
2,775,819000
2,776,819000
2,777,819000
2,778,819000
2,779,819000
2,780,819000
2,781,819000
2,782,819000
2,783,819000
2,784,819000
2,785,819000
2,786,819000
2,787,819000
2,788,819000
2,789,819000
2,790,819000
2,791,819000
2,792,819000
2,793,819000
2,794,819000
2,795,819000
2,796,819000
2,797,819000
2,798,819000
2,799,819000
2,800,819000
2,801,819000
2,802,819000
2,803,819000
2,804,819000
2,805,819000
2,806,819000
2,807,819000
2,808,819000
2,809,819000
2,810,819000
2,811,819000
2,812,819000
2,813,819000
2,814,819000
2,815,819000
2,816,819000
2,817,819000
2,818,819000
2,819,819000
2,820,819000
2,821,819000
2,822,819000
2,823,819000
2,824,819000
2,825,819000
2,826,819000
2,827,819000
2,828,819000
2,829,819000
2,830,819000
2,831,819000
2,832,819000
2,833,819000
2,834,819000
2,835,819000
2,836,819000
2,837,819000
2,838,819000
2,839,819000
2,840,819000
2,841,819000
2,842,819000
2,843,819000
2,844,819000
2,845,819000
2,846,819000
2,847,819000
2,848,819000
2,849,819000
2,850,819000
2,851,819000
2,852,819000
2,853,819000
2,854,819000
2,855,819000
2,856,819000
2,857,819000
2,858,819000
2,859,819000
2,860,819000
2,861,819000
2,862,819000
2,863,819000
2,864,819000
2,865,819000
2,866,819000
2,867,819000
2,868,819000
2,869,819000
2,870,819000
2,871,819000
2,872,819000
2,873,819000
2,874,819000
2,875,819000
2,876,819000
2,877,819000
2,878,819000
2,879,819000
2,880,819000
2,881,819000
2,882,819000
2,883,819000
2,884,819000
2,885,819000
2,886,819000
2,887,819000
2,888,819000
2,889,819000
2,890,819000
2,891,819000
2,892,819000
2,893,819000
2,894,819000
2,895,819000
2,896,819000
2,897,819000
2,898,819000
2,899,819000
2,900,819000
2,901,819000
2,902,819000
2,903,819000
2,904,819000
2,905,819000
2,906,819000
2,907,819000
2,908,819000
2,909,819000
2,910,819000
2,911,819000
2,912,819000
2,913,819000
2,914,819000
2,915,819000
2,916,819000
2,917,819000
2,918,819000
2,919,819000
2,920,819000
2,921,819000
2,922,819000
2,923,819000
2,924,819000
2,925,819000
2,926,819000
2,927,819000
2,928,819000
2,929,819000
2,930,819000
2,931,819000
2,932,819000
2,933,819000
2,934,819000
2,935,819000
2,936,819000
2,937,819000
2,938,819000
2,939,819000
2,940,819000
2,941,819000
2,942,819000
2,943,819000
2,944,819000
2,945,819000
2,946,819000
2,947,819000
2,948,819000
2,949,819000
2,950,819000
2,951,819000
2,952,819000
2,953,819000
2,954,819000
2,955,819000
2,956,819000
2,957,819000
2,958,819000
2,959,819000
2,960,819000
2,961,819000
2,962,819000
2,963,819000
2,964,819000
2,965,819000
2,966,819000
2,967,819000
2,968,819000
2,969,819000
2,970,819000
2,971,819000
2,972,819000
2,973,819000
2,974,819000
2,975,819000
2,976,819000
2,977,819000
2,978,819000
2,979,819000
2,980,819000
2,981,819000
2,982,819000
2,983,819000
2,984,819000
2,985,819000
2,986,819000
2,987,819000
2,988,819000
2,989,819000
2,990,819000
2,991,819000
2,992,819000
2,993,819000
2,994,819000
2,995,819000
2,996,819000
2,997,819000
2,998,819000
2,999,819000
2,1000,819000
3,0,819000
3,1,819000
3,2,819000
3,3,819000
3,4,819000
3,5,819000
3,6,819000
3,7,819000
3,8,819000
3,9,819000
3,10,819000
3,11,819000
3,12,819000
3,13,819000
3,14,819000
3,15,819000
3,16,819000
3,17,819000
3,18,819000
3,19,819000
3,20,819000
3,21,819000
3,22,819000
3,23,819000
3,24,819000
3,25,819000
3,26,819000
3,27,819000
3,28,819000
3,29,819000
3,30,819000
3,31,819000
3,32,819000
3,33,819000
3,34,819000
3,35,819000
3,36,819000
3,37,819000
3,38,819000
3,39,819000
3,40,819000
3,41,819000
3,42,819000
3,43,819000
3,44,819000
3,45,819000
3,46,819000
3,47,819000
3,48,819000
3,49,819000
3,50,819000
3,51,819000
3,52,819000
3,53,819000
3,54,819000
3,55,819000
3,56,819000
3,57,819000
3,58,819000
3,59,819000
3,60,819000
3,61,819000
3,62,819000
3,63,819000
3,64,819000
3,65,819000
3,66,819000
3,67,819000
3,68,819000
3,69,819000
3,70,819000
3,71,819000
3,72,819000
3,73,819000
3,74,819000
3,75,819000
3,76,819000
3,77,819000
3,78,819000
3,79,819000
3,80,819000
3,81,819000
3,82,819000
3,83,819000
3,84,819000
3,85,819000
3,86,819000
3,87,819000
3,88,819000
3,89,819000
3,90,819000
3,91,819000
3,92,819000
3,93,819000
3,94,819000
3,95,819000
3,96,819000
3,97,819000
3,98,819000
3,99,819000
3,100,819000
3,101,819000
3,102,819000
3,103,819000
3,104,819000
3,105,819000
3,106,819000
3,107,819000
3,108,819000
3,109,819000
3,110,819000
3,111,819000
3,112,819000
3,113,819000
3,114,819000
3,115,819000
3,116,819000
3,117,819000
3,118,819000
3,119,819000
3,120,819000
3,121,819000
3,122,819000
3,123,819000
3,124,819000
3,125,819000
3,126,819000
3,127,819000
3,128,819000
3,129,819000
3,130,819000
3,131,819000
3,132,819000
3,133,819000
3,134,819000
3,135,819000
3,136,819000
3,137,819000
3,138,819000
3,139,819000
3,140,819000
3,141,819000
3,142,819000
3,143,819000
3,144,819000
3,145,819000
3,146,819000
3,147,819000
3,148,819000
3,149,819000
3,150,819000
3,151,819000
3,152,819000
3,153,819000
3,154,819000
3,155,819000
3,156,819000
3,157,819000
3,158,819000
3,159,819000
3,160,819000
3,161,819000
3,162,819000
3,163,819000
3,164,819000
3,165,819000
3,166,819000
3,167,819000
3,168,819000
3,169,819000
3,170,819000
3,171,819000
3,172,819000
3,173,819000
3,174,819000
3,175,819000
3,176,819000
3,177,819000
3,178,819000
3,179,819000
3,180,819000
3,181,819000
3,182,819000
3,183,819000
3,184,819000
3,185,819000
3,186,819000
3,187,819000
3,188,819000
3,189,819000
3,190,819000
3,191,819000
3,192,819000
3,193,819000
3,194,819000
3,195,819000
3,196,819000
3,197,819000
3,198,819000
3,199,819000
3,200,819000
3,201,819000
3,202,819000
3,203,819000
3,204,819000
3,205,819000
3,206,819000
3,207,819000
3,208,819000
3,209,819000
3,210,819000
3,211,819000
3,212,819000
3,213,819000
3,214,819000
3,215,819000
3,216,819000
3,217,819000
3,218,819000
3,219,819000
3,220,819000
3,221,819000
3,222,819000
3,223,819000
3,224,819000
3,225,819000
3,226,819000
3,227,819000
3,228,819000
3,229,819000
3,230,819000
3,231,819000
3,232,819000
3,233,819000
3,234,819000
3,235,819000
3,236,819000
3,237,819000
3,238,819000
3,239,819000
3,240,819000
3,241,819000
3,242,819000
3,243,819000
3,244,819000
3,245,819000
3,246,819000
3,247,819000
3,248,819000
3,249,819000
3,250,819000
3,251,819000
3,252,819000
3,253,819000
3,254,819000
3,255,819000
3,256,819000
3,257,819000
3,258,819000
3,259,819000
3,260,819000
3,261,819000
3,262,819000
3,263,819000
3,264,819000
3,265,819000
3,266,819000
3,267,819000
3,268,819000
3,269,819000
3,270,819000
3,271,819000
3,272,819000
3,273,819000
3,274,819000
3,275,819000
3,276,819000
3,277,819000
3,278,819000
3,279,819000
3,280,819000
3,281,819000
3,282,819000
3,283,819000
3,284,819000
3,285,819000
3,286,819000
3,287,819000
3,288,819000
3,289,819000
3,290,819000
3,291,819000
3,292,819000
3,293,819000
3,294,819000
3,295,819000
3,296,819000
3,297,819000
3,298,819000
3,299,819000
3,300,819000
3,301,819000
3,302,819000
3,303,819000
3,304,819000
3,305,819000
3,306,819000
3,307,819000
3,308,819000
3,309,819000
3,310,819000
3,311,819000
3,312,819000
3,313,819000
3,314,819000
3,315,819000
3,316,819000
3,317,819000
3,318,819000
3,319,819000
3,320,819000
3,321,819000
3,322,819000
3,323,819000
3,324,819000
3,325,819000
3,326,819000
3,327,819000
3,328,819000
3,329,819000
3,330,819000
3,331,819000
3,332,819000
3,333,819000
3,334,819000
3,335,819000
3,336,819000
3,337,819000
3,338,819000
3,339,819000
3,340,819000
3,341,819000
3,342,819000
3,343,819000
3,344,819000
3,345,819000
3,346,819000
3,347,819000
3,348,819000
3,349,819000
3,350,819000
3,351,819000
3,352,819000
3,353,819000
3,354,819000
3,355,819000
3,356,819000
3,357,819000
3,358,819000
3,359,819000
3,360,819000
3,361,819000
3,362,819000
3,363,819000
3,364,819000
3,365,819000
3,366,819000
3,367,819000
3,368,819000
3,369,819000
3,370,819000
3,371,819000
3,372,819000
3,373,819000
3,374,819000
3,375,819000
3,376,819000
3,377,819000
3,378,819000
3,379,819000
3,380,819000
3,381,819000
3,382,819000
3,383,819000
3,384,819000
3,385,819000
3,386,819000
3,387,819000
3,388,819000
3,389,819000
3,390,819000
3,391,819000
3,392,819000
3,393,819000
3,394,819000
3,395,819000
3,396,819000
3,397,819000
3,398,819000
3,399,819000
3,400,819000
3,401,819000
3,402,819000
3,403,819000
3,404,819000
3,405,819000
3,406,819000
3,407,819000
3,408,819000
3,409,819000
3,410,819000
3,411,819000
3,412,819000
3,413,819000
3,414,819000
3,415,819000
3,416,819000
3,417,819000
3,418,819000
3,419,819000
3,420,819000
3,421,819000
3,422,819000
3,423,819000
3,424,819000
3,425,819000
3,426,819000
3,427,819000
3,428,819000
3,429,819000
3,430,819000
3,431,819000
3,432,819000
3,433,819000
3,434,819000
3,435,819000
3,436,819000
3,437,819000
3,438,819000
3,439,819000
3,440,819000
3,441,819000
3,442,819000
3,443,819000
3,444,819000
3,445,819000
3,446,819000
3,447,819000
3,448,819000
3,449,819000
3,450,819000
3,451,819000
3,452,819000
3,453,819000
3,454,819000
3,455,819000
3,456,819000
3,457,819000
3,458,819000
3,459,819000
3,460,819000
3,461,819000
3,462,819000
3,463,819000
3,464,819000
3,465,819000
3,466,819000
3,467,819000
3,468,819000
3,469,819000
3,470,819000
3,471,819000
3,472,819000
3,473,819000
3,474,819000
3,475,819000
3,476,819000
3,477,819000
3,478,819000
3,479,819000
3,480,819000
3,481,819000
3,482,819000
3,483,819000
3,484,819000
3,485,819000
3,486,819000
3,487,819000
3,488,819000
3,489,819000
3,490,819000
3,491,819000
3,492,819000
3,493,819000
3,494,819000
3,495,819000
3,496,819000
3,497,819000
3,498,819000
3,499,819000
3,500,819000
3,501,819000
3,502,819000
3,503,819000
3,504,819000
3,505,819000
3,506,819000
3,507,819000
3,508,819000
3,509,819000
3,510,819000
3,511,819000
3,512,819000
3,513,819000
3,514,819000
3,515,819000
3,516,819000
3,517,819000
3,518,819000
3,519,819000
3,520,819000
3,521,819000
3,522,819000
3,523,819000
3,524,819000
3,525,819000
3,526,819000
3,527,819000
3,528,819000
3,529,819000
3,530,819000
3,531,819000
3,532,819000
3,533,819000
3,534,819000
3,535,819000
3,536,819000
3,537,819000
3,538,819000
3,539,819000
3,540,819000
3,541,819000
3,542,819000
3,543,819000
3,544,819000
3,545,819000
3,546,819000
3,547,819000
3,548,819000
3,549,819000
3,550,819000
3,551,819000
3,552,819000
3,553,819000
3,554,819000
3,555,819000
3,556,819000
3,557,819000
3,558,819000
3,559,819000
3,560,819000
3,561,819000
3,562,819000
3,563,819000
3,564,819000
3,565,819000
3,566,819000
3,567,819000
3,568,819000
3,569,819000
3,570,819000
3,571,819000
3,572,819000
3,573,819000
3,574,819000
3,575,819000
3,576,819000
3,577,819000
3,578,819000
3,579,819000
3,580,819000
3,581,819000
3,582,819000
3,583,819000
3,584,819000
3,585,819000
3,586,819000
3,587,819000
3,588,819000
3,589,819000
3,590,819000
3,591,819000
3,592,819000
3,593,819000
3,594,819000
3,595,819000
3,596,819000
3,597,819000
3,598,819000
3,599,819000
3,600,819000
3,601,819000
3,602,819000
3,603,819000
3,604,819000
3,605,819000
3,606,819000
3,607,819000
3,608,819000
3,609,819000
3,610,819000
3,611,819000
3,612,819000
3,613,819000
3,614,819000
3,615,819000
3,616,819000
3,617,819000
3,618,819000
3,619,819000
3,620,819000
3,621,819000
3,622,819000
3,623,819000
3,624,819000
3,625,819000
3,626,819000
3,627,819000
3,628,819000
3,629,819000
3,630,819000
3,631,819000
3,632,819000
3,633,819000
3,634,819000
3,635,819000
3,636,819000
3,637,819000
3,638,819000
3,639,819000
3,640,819000
3,641,819000
3,642,819000
3,643,819000
3,644,819000
3,645,819000
3,646,819000
3,647,819000
3,648,819000
3,649,819000
3,650,819000
3,651,819000
3,652,819000
3,653,819000
3,654,819000
3,655,819000
3,656,819000
3,657,819000
3,658,819000
3,659,819000
3,660,819000
3,661,819000
3,662,819000
3,663,819000
3,664,819000
3,665,819000
3,666,819000
3,667,819000
3,668,819000
3,669,819000
3,670,819000
3,671,819000
3,672,819000
3,673,819000
3,674,819000
3,675,819000
3,676,819000
3,677,819000
3,678,819000
3,679,819000
3,680,819000
3,681,819000
3,682,819000
3,683,819000
3,684,819000
3,685,819000
3,686,819000
3,687,819000
3,688,819000
3,689,819000
3,690,819000
3,691,819000
3,692,819000
3,693,819000
3,694,819000
3,695,819000
3,696,819000
3,697,819000
3,698,819000
3,699,819000
3,700,819000
3,701,819000
3,702,819000
3,703,819000
3,704,819000
3,705,819000
3,706,819000
3,707,819000
3,708,819000
3,709,819000
3,710,819000
3,711,819000
3,712,819000
3,713,819000
3,714,819000
3,715,819000
3,716,819000
3,717,819000
3,718,819000
3,719,819000
3,720,819000
3,721,819000
3,722,819000
3,723,819000
3,724,819000
3,725,819000
3,726,819000
3,727,819000
3,728,819000
3,729,819000
3,730,819000
3,731,819000
3,732,819000
3,733,819000
3,734,819000
3,735,819000
3,736,819000
3,737,819000
3,738,819000
3,739,819000
3,740,819000
3,741,819000
3,742,819000
3,743,819000
3,744,819000
3,745,819000
3,746,819000
3,747,819000
3,748,819000
3,749,819000
3,750,819000
3,751,819000
3,752,819000
3,753,819000
3,754,819000
3,755,819000
3,756,819000
3,757,819000
3,758,819000
3,759,819000
3,760,819000
3,761,819000
3,762,819000
3,763,819000
3,764,819000
3,765,819000
3,766,819000
3,767,819000
3,768,819000
3,769,819000
3,770,819000
3,771,819000
3,772,819000
3,773,819000
3,774,819000
3,775,819000
3,776,819000
3,777,819000
3,778,819000
3,779,819000
3,780,819000
3,781,819000
3,782,819000
3,783,819000
3,784,819000
3,785,819000
3,786,819000
3,787,819000
3,788,819000
3,789,819000
3,790,819000
3,791,819000
3,792,819000
3,793,819000
3,794,819000
3,795,819000
3,796,819000
3,797,819000
3,798,819000
3,799,819000
3,800,819000
3,801,819000
3,802,819000
3,803,819000
3,804,819000
3,805,819000
3,806,819000
3,807,819000
3,808,819000
3,809,819000
3,810,819000
3,811,819000
3,812,819000
3,813,819000
3,814,819000
3,815,819000
3,816,819000
3,817,819000
3,818,819000
3,819,819000
3,820,819000
3,821,819000
3,822,819000
3,823,819000
3,824,819000
3,825,819000
3,826,819000
3,827,819000
3,828,819000
3,829,819000
3,830,819000
3,831,819000
3,832,819000
3,833,819000
3,834,819000
3,835,819000
3,836,819000
3,837,819000
3,838,819000
3,839,819000
3,840,819000
3,841,819000
3,842,819000
3,843,819000
3,844,819000
3,845,819000
3,846,819000
3,847,819000
3,848,819000
3,849,819000
3,850,819000
3,851,819000
3,852,819000
3,853,819000
3,854,819000
3,855,819000
3,856,819000
3,857,819000
3,858,819000
3,859,819000
3,860,819000
3,861,819000
3,862,819000
3,863,819000
3,864,819000
3,865,819000
3,866,819000
3,867,819000
3,868,819000
3,869,819000
3,870,819000
3,871,819000
3,872,819000
3,873,819000
3,874,819000
3,875,819000
3,876,819000
3,877,819000
3,878,819000
3,879,819000
3,880,819000
3,881,819000
3,882,819000
3,883,819000
3,884,819000
3,885,819000
3,886,819000
3,887,819000
3,888,819000
3,889,819000
3,890,819000
3,891,819000
3,892,819000
3,893,819000
3,894,819000
3,895,819000
3,896,819000
3,897,819000
3,898,819000
3,899,819000
3,900,819000
3,901,819000
3,902,819000
3,903,819000
3,904,819000
3,905,819000
3,906,819000
3,907,819000
3,908,819000
3,909,819000
3,910,819000
3,911,819000
3,912,819000
3,913,819000
3,914,819000
3,915,819000
3,916,819000
3,917,819000
3,918,819000
3,919,819000
3,920,819000
3,921,819000
3,922,819000
3,923,819000
3,924,819000
3,925,819000
3,926,819000
3,927,819000
3,928,819000
3,929,819000
3,930,819000
3,931,819000
3,932,819000
3,933,819000
3,934,819000
3,935,819000
3,936,819000
3,937,819000
3,938,819000
3,939,819000
3,940,819000
3,941,819000
3,942,819000
3,943,819000
3,944,819000
3,945,819000
3,946,819000
3,947,819000
3,948,819000
3,949,819000
3,950,819000
3,951,819000
3,952,819000
3,953,819000
3,954,819000
3,955,819000
3,956,819000
3,957,819000
3,958,819000
3,959,819000
3,960,819000
3,961,819000
3,962,819000
3,963,819000
3,964,819000
3,965,819000
3,966,819000
3,967,819000
3,968,819000
3,969,819000
3,970,819000
3,971,819000
3,972,819000
3,973,819000
3,974,819000
3,975,819000
3,976,819000
3,977,819000
3,978,819000
3,979,819000
3,980,819000
3,981,819000
3,982,819000
3,983,819000
3,984,819000
3,985,819000
3,986,819000
3,987,819000
3,988,819000
3,989,819000
3,990,819000
3,991,819000
3,992,819000
3,993,819000
3,994,819000
3,995,819000
3,996,819000
3,997,819000
3,998,819000
3,999,819000
3,1000,819000
4,0,819000
4,1,819000
4,2,819000
4,3,819000
4,4,819000
4,5,819000
4,6,819000
4,7,819000
4,8,819000
4,9,819000
4,10,819000
4,11,819000
4,12,819000
4,13,819000
4,14,819000
4,15,819000
4,16,819000
4,17,819000
4,18,819000
4,19,819000
4,20,819000
4,21,819000
4,22,819000
4,23,819000
4,24,819000
4,25,819000
4,26,819000
4,27,819000
4,28,819000
4,29,819000
4,30,819000
4,31,819000
4,32,819000
4,33,819000
4,34,819000
4,35,819000
4,36,819000
4,37,819000
4,38,819000
4,39,819000
4,40,819000
4,41,819000
4,42,819000
4,43,819000
4,44,819000
4,45,819000
4,46,819000
4,47,819000
4,48,819000
4,49,819000
4,50,819000
4,51,819000
4,52,819000
4,53,819000
4,54,819000
4,55,819000
4,56,819000
4,57,819000
4,58,819000
4,59,819000
4,60,819000
4,61,819000
4,62,819000
4,63,819000
4,64,819000
4,65,819000
4,66,819000
4,67,819000
4,68,819000
4,69,819000
4,70,819000
4,71,819000
4,72,819000
4,73,819000
4,74,819000
4,75,819000
4,76,819000
4,77,819000
4,78,819000
4,79,819000
4,80,819000
4,81,819000
4,82,819000
4,83,819000
4,84,819000
4,85,819000
4,86,819000
4,87,819000
4,88,819000
4,89,819000
4,90,819000
4,91,819000
4,92,819000
4,93,819000
4,94,819000
4,95,819000
4,96,819000
4,97,819000
4,98,819000
4,99,819000
4,100,819000
4,101,819000
4,102,819000
4,103,819000
4,104,819000
4,105,819000
4,106,819000
4,107,819000
4,108,819000
4,109,819000
4,110,819000
4,111,819000
4,112,819000
4,113,819000
4,114,819000
4,115,819000
4,116,819000
4,117,819000
4,118,819000
4,119,819000
4,120,819000
4,121,819000
4,122,819000
4,123,819000
4,124,819000
4,125,819000
4,126,819000
4,127,819000
4,128,819000
4,129,819000
4,130,819000
4,131,819000
4,132,819000
4,133,819000
4,134,819000
4,135,819000
4,136,819000
4,137,819000
4,138,819000
4,139,819000
4,140,819000
4,141,819000
4,142,819000
4,143,819000
4,144,819000
4,145,819000
4,146,819000
4,147,819000
4,148,819000
4,149,819000
4,150,819000
4,151,819000
4,152,819000
4,153,819000
4,154,819000
4,155,819000
4,156,819000
4,157,819000
4,158,819000
4,159,819000
4,160,819000
4,161,819000
4,162,819000
4,163,819000
4,164,819000
4,165,819000
4,166,819000
4,167,819000
4,168,819000
4,169,819000
4,170,819000
4,171,819000
4,172,819000
4,173,819000
4,174,819000
4,175,819000
4,176,819000
4,177,819000
4,178,819000
4,179,819000
4,180,819000
4,181,819000
4,182,819000
4,183,819000
4,184,819000
4,185,819000
4,186,819000
4,187,819000
4,188,819000
4,189,819000
4,190,819000
4,191,819000
4,192,819000
4,193,819000
4,194,819000
4,195,819000
4,196,819000
4,197,819000
4,198,819000
4,199,819000
4,200,819000
4,201,819000
4,202,819000
4,203,819000
4,204,819000
4,205,819000
4,206,819000
4,207,819000
4,208,819000
4,209,819000
4,210,819000
4,211,819000
4,212,819000
4,213,819000
4,214,819000
4,215,819000
4,216,819000
4,217,819000
4,218,819000
4,219,819000
4,220,819000
4,221,819000
4,222,819000
4,223,819000
4,224,819000
4,225,819000
4,226,819000
4,227,819000
4,228,819000
4,229,819000
4,230,819000
4,231,819000
4,232,819000
4,233,819000
4,234,819000
4,235,819000
4,236,819000
4,237,819000
4,238,819000
4,239,819000
4,240,819000
4,241,819000
4,242,819000
4,243,819000
4,244,819000
4,245,819000
4,246,819000
4,247,819000
4,248,819000
4,249,819000
4,250,819000
4,251,819000
4,252,819000
4,253,819000
4,254,819000
4,255,819000
4,256,819000
4,257,819000
4,258,819000
4,259,819000
4,260,819000
4,261,819000
4,262,819000
4,263,819000
4,264,819000
4,265,819000
4,266,819000
4,267,819000
4,268,819000
4,269,819000
4,270,819000
4,271,819000
4,272,819000
4,273,819000
4,274,819000
4,275,819000
4,276,819000
4,277,819000
4,278,819000
4,279,819000
4,280,819000
4,281,819000
4,282,819000
4,283,819000
4,284,819000
4,285,819000
4,286,819000
4,287,819000
4,288,819000
4,289,819000
4,290,819000
4,291,819000
4,292,819000
4,293,819000
4,294,819000
4,295,819000
4,296,819000
4,297,819000
4,298,819000
4,299,819000
4,300,819000
4,301,819000
4,302,819000
4,303,819000
4,304,819000
4,305,819000
4,306,819000
4,307,819000
4,308,819000
4,309,819000
4,310,819000
4,311,819000
4,312,819000
4,313,819000
4,314,819000
4,315,819000
4,316,819000
4,317,819000
4,318,819000
4,319,819000
4,320,819000
4,321,819000
4,322,819000
4,323,819000
4,324,819000
4,325,819000
4,326,819000
4,327,819000
4,328,819000
4,329,819000
4,330,819000
4,331,819000
4,332,819000
4,333,819000
4,334,819000
4,335,819000
4,336,819000
4,337,819000
4,338,819000
4,339,819000
4,340,819000
4,341,819000
4,342,819000
4,343,819000
4,344,819000
4,345,819000
4,346,819000
4,347,819000
4,348,819000
4,349,819000
4,350,819000
4,351,819000
4,352,819000
4,353,819000
4,354,819000
4,355,819000
4,356,819000
4,357,819000
4,358,819000
4,359,819000
4,360,819000
4,361,819000
4,362,819000
4,363,819000
4,364,819000
4,365,819000
4,366,819000
4,367,819000
4,368,819000
4,369,819000
4,370,819000
4,371,819000
4,372,819000
4,373,819000
4,374,819000
4,375,819000
4,376,819000
4,377,819000
4,378,819000
4,379,819000
4,380,819000
4,381,819000
4,382,819000
4,383,819000
4,384,819000
4,385,819000
4,386,819000
4,387,819000
4,388,819000
4,389,819000
4,390,819000
4,391,819000
4,392,819000
4,393,819000
4,394,819000
4,395,819000
4,396,819000
4,397,819000
4,398,819000
4,399,819000
4,400,819000
4,401,819000
4,402,819000
4,403,819000
4,404,819000
4,405,819000
4,406,819000
4,407,819000
4,408,819000
4,409,819000
4,410,819000
4,411,819000
4,412,819000
4,413,819000
4,414,819000
4,415,819000
4,416,819000
4,417,819000
4,418,819000
4,419,819000
4,420,819000
4,421,819000
4,422,819000
4,423,819000
4,424,819000
4,425,819000
4,426,819000
4,427,819000
4,428,819000
4,429,819000
4,430,819000
4,431,819000
4,432,819000
4,433,819000
4,434,819000
4,435,819000
4,436,819000
4,437,819000
4,438,819000
4,439,819000
4,440,819000
4,441,819000
4,442,819000
4,443,819000
4,444,819000
4,445,819000
4,446,819000
4,447,819000
4,448,819000
4,449,819000
4,450,819000
4,451,819000
4,452,819000
4,453,819000
4,454,819000
4,455,819000
4,456,819000
4,457,819000
4,458,819000
4,459,819000
4,460,819000
4,461,819000
4,462,819000
4,463,819000
4,464,819000
4,465,819000
4,466,819000
4,467,819000
4,468,819000
4,469,819000
4,470,819000
4,471,819000
4,472,819000
4,473,819000
4,474,819000
4,475,819000
4,476,819000
4,477,819000
4,478,819000
4,479,819000
4,480,819000
4,481,819000
4,482,819000
4,483,819000
4,484,819000
4,485,819000
4,486,819000
4,487,819000
4,488,819000
4,489,819000
4,490,819000
4,491,819000
4,492,819000
4,493,819000
4,494,819000
4,495,819000
4,496,819000
4,497,819000
4,498,819000
4,499,819000
4,500,819000
4,501,819000
4,502,819000
4,503,819000
4,504,819000
4,505,819000
4,506,819000
4,507,819000
4,508,819000
4,509,819000
4,510,819000
4,511,819000
4,512,819000
4,513,819000
4,514,819000
4,515,819000
4,516,819000
4,517,819000
4,518,819000
4,519,819000
4,520,819000
4,521,819000
4,522,819000
4,523,819000
4,524,819000
4,525,819000
4,526,819000
4,527,819000
4,528,819000
4,529,819000
4,530,819000
4,531,819000
4,532,819000
4,533,819000
4,534,819000
4,535,819000
4,536,819000
4,537,819000
4,538,819000
4,539,819000
4,540,819000
4,541,819000
4,542,819000
4,543,819000
4,544,819000
4,545,819000
4,546,819000
4,547,819000
4,548,819000
4,549,819000
4,550,819000
4,551,819000
4,552,819000
4,553,819000
4,554,819000
4,555,819000
4,556,819000
4,557,819000
4,558,819000
4,559,819000
4,560,819000
4,561,819000
4,562,819000
4,563,819000
4,564,819000
4,565,819000
4,566,819000
4,567,819000
4,568,819000
4,569,819000
4,570,819000
4,571,819000
4,572,819000
4,573,819000
4,574,819000
4,575,819000
4,576,819000
4,577,819000
4,578,819000
4,579,819000
4,580,819000
4,581,819000
4,582,819000
4,583,819000
4,584,819000
4,585,819000
4,586,819000
4,587,819000
4,588,819000
4,589,819000
4,590,819000
4,591,819000
4,592,819000
4,593,819000
4,594,819000
4,595,819000
4,596,819000
4,597,819000
4,598,819000
4,599,819000
4,600,819000
4,601,819000
4,602,819000
4,603,819000
4,604,819000
4,605,819000
4,606,819000
4,607,819000
4,608,819000
4,609,819000
4,610,819000
4,611,819000
4,612,819000
4,613,819000
4,614,819000
4,615,819000
4,616,819000
4,617,819000
4,618,819000
4,619,819000
4,620,819000
4,621,819000
4,622,819000
4,623,819000
4,624,819000
4,625,819000
4,626,819000
4,627,819000
4,628,819000
4,629,819000
4,630,819000
4,631,819000
4,632,819000
4,633,819000
4,634,819000
4,635,819000
4,636,819000
4,637,819000
4,638,819000
4,639,819000
4,640,819000
4,641,819000
4,642,819000
4,643,819000
4,644,819000
4,645,819000
4,646,819000
4,647,819000
4,648,819000
4,649,819000
4,650,819000
4,651,819000
4,652,819000
4,653,819000
4,654,819000
4,655,819000
4,656,819000
4,657,819000
4,658,819000
4,659,819000
4,660,819000
4,661,819000
4,662,819000
4,663,819000
4,664,819000
4,665,819000
4,666,819000
4,667,819000
4,668,819000
4,669,819000
4,670,819000
4,671,819000
4,672,819000
4,673,819000
4,674,819000
4,675,819000
4,676,819000
4,677,819000
4,678,819000
4,679,819000
4,680,819000
4,681,819000
4,682,819000
4,683,819000
4,684,819000
4,685,819000
4,686,819000
4,687,819000
4,688,819000
4,689,819000
4,690,819000
4,691,819000
4,692,819000
4,693,819000
4,694,819000
4,695,819000
4,696,819000
4,697,819000
4,698,819000
4,699,819000
4,700,819000
4,701,819000
4,702,819000
4,703,819000
4,704,819000
4,705,819000
4,706,819000
4,707,819000
4,708,819000
4,709,819000
4,710,819000
4,711,819000
4,712,819000
4,713,819000
4,714,819000
4,715,819000
4,716,819000
4,717,819000
4,718,819000
4,719,819000
4,720,819000
4,721,819000
4,722,819000
4,723,819000
4,724,819000
4,725,819000
4,726,819000
4,727,819000
4,728,819000
4,729,819000
4,730,819000
4,731,819000
4,732,819000
4,733,819000
4,734,819000
4,735,819000
4,736,819000
4,737,819000
4,738,819000
4,739,819000
4,740,819000
4,741,819000
4,742,819000
4,743,819000
4,744,819000
4,745,819000
4,746,819000
4,747,819000
4,748,819000
4,749,819000
4,750,819000
4,751,819000
4,752,819000
4,753,819000
4,754,819000
4,755,819000
4,756,819000
4,757,819000
4,758,819000
4,759,819000
4,760,819000
4,761,819000
4,762,819000
4,763,819000
4,764,819000
4,765,819000
4,766,819000
4,767,819000
4,768,819000
4,769,819000
4,770,819000
4,771,819000
4,772,819000
4,773,819000
4,774,819000
4,775,819000
4,776,819000
4,777,819000
4,778,819000
4,779,819000
4,780,819000
4,781,819000
4,782,819000
4,783,819000
4,784,819000
4,785,819000
4,786,819000
4,787,819000
4,788,819000
4,789,819000
4,790,819000
4,791,819000
4,792,819000
4,793,819000
4,794,819000
4,795,819000
4,796,819000
4,797,819000
4,798,819000
4,799,819000
4,800,819000
4,801,819000
4,802,819000
4,803,819000
4,804,819000
4,805,819000
4,806,819000
4,807,819000
4,808,819000
4,809,819000
4,810,819000
4,811,819000
4,812,819000
4,813,819000
4,814,819000
4,815,819000
4,816,819000
4,817,819000
4,818,819000
4,819,819000
4,820,819000
4,821,819000
4,822,819000
4,823,819000
4,824,819000
4,825,819000
4,826,819000
4,827,819000
4,828,819000
4,829,819000
4,830,819000
4,831,819000
4,832,819000
4,833,819000
4,834,819000
4,835,819000
4,836,819000
4,837,819000
4,838,819000
4,839,819000
4,840,819000
4,841,819000
4,842,819000
4,843,819000
4,844,819000
4,845,819000
4,846,819000
4,847,819000
4,848,819000
4,849,819000
4,850,819000
4,851,819000
4,852,819000
4,853,819000
4,854,819000
4,855,819000
4,856,819000
4,857,819000
4,858,819000
4,859,819000
4,860,819000
4,861,819000
4,862,819000
4,863,819000
4,864,819000
4,865,819000
4,866,819000
4,867,819000
4,868,819000
4,869,819000
4,870,819000
4,871,819000
4,872,819000
4,873,819000
4,874,819000
4,875,819000
4,876,819000
4,877,819000
4,878,819000
4,879,819000
4,880,819000
4,881,819000
4,882,819000
4,883,819000
4,884,819000
4,885,819000
4,886,819000
4,887,819000
4,888,819000
4,889,819000
4,890,819000
4,891,819000
4,892,819000
4,893,819000
4,894,819000
4,895,819000
4,896,819000
4,897,819000
4,898,819000
4,899,819000
4,900,819000
4,901,819000
4,902,819000
4,903,819000
4,904,819000
4,905,819000
4,906,819000
4,907,819000
4,908,819000
4,909,819000
4,910,819000
4,911,819000
4,912,819000
4,913,819000
4,914,819000
4,915,819000
4,916,819000
4,917,819000
4,918,819000
4,919,819000
4,920,819000
4,921,819000
4,922,819000
4,923,819000
4,924,819000
4,925,819000
4,926,819000
4,927,819000
4,928,819000
4,929,819000
4,930,819000
4,931,819000
4,932,819000
4,933,819000
4,934,819000
4,935,819000
4,936,819000
4,937,819000
4,938,819000
4,939,819000
4,940,819000
4,941,819000
4,942,819000
4,943,819000
4,944,819000
4,945,819000
4,946,819000
4,947,819000
4,948,819000
4,949,819000
4,950,819000
4,951,819000
4,952,819000
4,953,819000
4,954,819000
4,955,819000
4,956,819000
4,957,819000
4,958,819000
4,959,819000
4,960,819000
4,961,819000
4,962,819000
4,963,819000
4,964,819000
4,965,819000
4,966,819000
4,967,819000
4,968,819000
4,969,819000
4,970,819000
4,971,819000
4,972,819000
4,973,819000
4,974,819000
4,975,819000
4,976,819000
4,977,819000
4,978,819000
4,979,819000
4,980,819000
4,981,819000
4,982,819000
4,983,819000
4,984,819000
4,985,819000
4,986,819000
4,987,819000
4,988,819000
4,989,819000
4,990,819000
4,991,819000
4,992,819000
4,993,819000
4,994,819000
4,995,819000
4,996,819000
4,997,819000
4,998,819000
4,999,819000
4,1000,819000
5,0,819000
5,1,819000
5,2,819000
5,3,819000
5,4,819000
5,5,819000
5,6,819000
5,7,819000
5,8,819000
5,9,819000
5,10,819000
5,11,819000
5,12,819000
5,13,819000
5,14,819000
5,15,819000
5,16,819000
5,17,819000
5,18,819000
5,19,819000
5,20,819000
5,21,819000
5,22,819000
5,23,819000
5,24,819000
5,25,819000
5,26,819000
5,27,819000
5,28,819000
5,29,819000
5,30,819000
5,31,819000
5,32,819000
5,33,819000
5,34,819000
5,35,819000
5,36,819000
5,37,819000
5,38,819000
5,39,819000
5,40,819000
5,41,819000
5,42,819000
5,43,819000
5,44,819000
5,45,819000
5,46,819000
5,47,819000
5,48,819000
5,49,819000
5,50,819000
5,51,819000
5,52,819000
5,53,819000
5,54,819000
5,55,819000
5,56,819000
5,57,819000
5,58,819000
5,59,819000
5,60,819000
5,61,819000
5,62,819000
5,63,819000
5,64,819000
5,65,819000
5,66,819000
5,67,819000
5,68,819000
5,69,819000
5,70,819000
5,71,819000
5,72,819000
5,73,819000
5,74,819000
5,75,819000
5,76,819000
5,77,819000
5,78,819000
5,79,819000
5,80,819000
5,81,819000
5,82,819000
5,83,819000
5,84,819000
5,85,819000
5,86,819000
5,87,819000
5,88,819000
5,89,819000
5,90,819000
5,91,819000
5,92,819000
5,93,819000
5,94,819000
5,95,819000
5,96,819000
5,97,819000
5,98,819000
5,99,819000
5,100,819000
5,101,819000
5,102,819000
5,103,819000
5,104,819000
5,105,819000
5,106,819000
5,107,819000
5,108,819000
5,109,819000
5,110,819000
5,111,819000
5,112,819000
5,113,819000
5,114,819000
5,115,819000
5,116,819000
5,117,819000
5,118,819000
5,119,819000
5,120,819000
5,121,819000
5,122,819000
5,123,819000
5,124,819000
5,125,819000
5,126,819000
5,127,819000
5,128,819000
5,129,819000
5,130,819000
5,131,819000
5,132,819000
5,133,819000
5,134,819000
5,135,819000
5,136,819000
5,137,819000
5,138,819000
5,139,819000
5,140,819000
5,141,819000
5,142,819000
5,143,819000
5,144,819000
5,145,819000
5,146,819000
5,147,819000
5,148,819000
5,149,819000
5,150,819000
5,151,819000
5,152,819000
5,153,819000
5,154,819000
5,155,819000
5,156,819000
5,157,819000
5,158,819000
5,159,819000
5,160,819000
5,161,819000
5,162,819000
5,163,819000
5,164,819000
5,165,819000
5,166,819000
5,167,819000
5,168,819000
5,169,819000
5,170,819000
5,171,819000
5,172,819000
5,173,819000
5,174,819000
5,175,819000
5,176,819000
5,177,819000
5,178,819000
5,179,819000
5,180,819000
5,181,819000
5,182,819000
5,183,819000
5,184,819000
5,185,819000
5,186,819000
5,187,819000
5,188,819000
5,189,819000
5,190,819000
5,191,819000
5,192,819000
5,193,819000
5,194,819000
5,195,819000
5,196,819000
5,197,819000
5,198,819000
5,199,819000
5,200,819000
5,201,819000
5,202,819000
5,203,819000
5,204,819000
5,205,819000
5,206,819000
5,207,819000
5,208,819000
5,209,819000
5,210,819000
5,211,819000
5,212,819000
5,213,819000
5,214,819000
5,215,819000
5,216,819000
5,217,819000
5,218,819000
5,219,819000
5,220,819000
5,221,819000
5,222,819000
5,223,819000
5,224,819000
5,225,819000
5,226,819000
5,227,819000
5,228,819000
5,229,819000
5,230,819000
5,231,819000
5,232,819000
5,233,819000
5,234,819000
5,235,819000
5,236,819000
5,237,819000
5,238,819000
5,239,819000
5,240,819000
5,241,819000
5,242,819000
5,243,819000
5,244,819000
5,245,819000
5,246,819000
5,247,819000
5,248,819000
5,249,819000
5,250,819000
5,251,819000
5,252,819000
5,253,819000
5,254,819000
5,255,819000
5,256,819000
5,257,819000
5,258,819000
5,259,819000
5,260,819000
5,261,819000
5,262,819000
5,263,819000
5,264,819000
5,265,819000
5,266,819000
5,267,819000
5,268,819000
5,269,819000
5,270,819000
5,271,819000
5,272,819000
5,273,819000
5,274,819000
5,275,819000
5,276,819000
5,277,819000
5,278,819000
5,279,819000
5,280,819000
5,281,819000
5,282,819000
5,283,819000
5,284,819000
5,285,819000
5,286,819000
5,287,819000
5,288,819000
5,289,819000
5,290,819000
5,291,819000
5,292,819000
5,293,819000
5,294,819000
5,295,819000
5,296,819000
5,297,819000
5,298,819000
5,299,819000
5,300,819000
5,301,819000
5,302,819000
5,303,819000
5,304,819000
5,305,819000
5,306,819000
5,307,819000
5,308,819000
5,309,819000
5,310,819000
5,311,819000
5,312,819000
5,313,819000
5,314,819000
5,315,819000
5,316,819000
5,317,819000
5,318,819000
5,319,819000
5,320,819000
5,321,819000
5,322,819000
5,323,819000
5,324,819000
5,325,819000
5,326,819000
5,327,819000
5,328,819000
5,329,819000
5,330,819000
5,331,819000
5,332,819000
5,333,819000
5,334,819000
5,335,819000
5,336,819000
5,337,819000
5,338,819000
5,339,819000
5,340,819000
5,341,819000
5,342,819000
5,343,819000
5,344,819000
5,345,819000
5,346,819000
5,347,819000
5,348,819000
5,349,819000
5,350,819000
5,351,819000
5,352,819000
5,353,819000
5,354,819000
5,355,819000
5,356,819000
5,357,819000
5,358,819000
5,359,819000
5,360,819000
5,361,819000
5,362,819000
5,363,819000
5,364,819000
5,365,819000
5,366,819000
5,367,819000
5,368,819000
5,369,819000
5,370,819000
5,371,819000
5,372,819000
5,373,819000
5,374,819000
5,375,819000
5,376,819000
5,377,819000
5,378,819000
5,379,819000
5,380,819000
5,381,819000
5,382,819000
5,383,819000
5,384,819000
5,385,819000
5,386,819000
5,387,819000
5,388,819000
5,389,819000
5,390,819000
5,391,819000
5,392,819000
5,393,819000
5,394,819000
5,395,819000
5,396,819000
5,397,819000
5,398,819000
5,399,819000
5,400,819000
5,401,819000
5,402,819000
5,403,819000
5,404,819000
5,405,819000
5,406,819000
5,407,819000
5,408,819000
5,409,819000
5,410,819000
5,411,819000
5,412,819000
5,413,819000
5,414,819000
5,415,819000
5,416,819000
5,417,819000
5,418,819000
5,419,819000
5,420,819000
5,421,819000
5,422,819000
5,423,819000
5,424,819000
5,425,819000
5,426,819000
5,427,819000
5,428,819000
5,429,819000
5,430,819000
5,431,819000
5,432,819000
5,433,819000
5,434,819000
5,435,819000
5,436,819000
5,437,819000
5,438,819000
5,439,819000
5,440,819000
5,441,819000
5,442,819000
5,443,819000
5,444,819000
5,445,819000
5,446,819000
5,447,819000
5,448,819000
5,449,819000
5,450,819000
5,451,819000
5,452,819000
5,453,819000
5,454,819000
5,455,819000
5,456,819000
5,457,819000
5,458,819000
5,459,819000
5,460,819000
5,461,819000
5,462,819000
5,463,819000
5,464,819000
5,465,819000
5,466,819000
5,467,819000
5,468,819000
5,469,819000
5,470,819000
5,471,819000
5,472,819000
5,473,819000
5,474,819000
5,475,819000
5,476,819000
5,477,819000
5,478,819000
5,479,819000
5,480,819000
5,481,819000
5,482,819000
5,483,819000
5,484,819000
5,485,819000
5,486,819000
5,487,819000
5,488,819000
5,489,819000
5,490,819000
5,491,819000
5,492,819000
5,493,819000
5,494,819000
5,495,819000
5,496,819000
5,497,819000
5,498,819000
5,499,819000
5,500,819000
5,501,819000
5,502,819000
5,503,819000
5,504,819000
5,505,819000
5,506,819000
5,507,819000
5,508,819000
5,509,819000
5,510,819000
5,511,819000
5,512,819000
5,513,819000
5,514,819000
5,515,819000
5,516,819000
5,517,819000
5,518,819000
5,519,819000
5,520,819000
5,521,819000
5,522,819000
5,523,819000
5,524,819000
5,525,819000
5,526,819000
5,527,819000
5,528,819000
5,529,819000
5,530,819000
5,531,819000
5,532,819000
5,533,819000
5,534,819000
5,535,819000
5,536,819000
5,537,819000
5,538,819000
5,539,819000
5,540,819000
5,541,819000
5,542,819000
5,543,819000
5,544,819000
5,545,819000
5,546,819000
5,547,819000
5,548,819000
5,549,819000
5,550,819000
5,551,819000
5,552,819000
5,553,819000
5,554,819000
5,555,819000
5,556,819000
5,557,819000
5,558,819000
5,559,819000
5,560,819000
5,561,819000
5,562,819000
5,563,819000
5,564,819000
5,565,819000
5,566,819000
5,567,819000
5,568,819000
5,569,819000
5,570,819000
5,571,819000
5,572,819000
5,573,819000
5,574,819000
5,575,819000
5,576,819000
5,577,819000
5,578,819000
5,579,819000
5,580,819000
5,581,819000
5,582,819000
5,583,819000
5,584,819000
5,585,819000
5,586,819000
5,587,819000
5,588,819000
5,589,819000
5,590,819000
5,591,819000
5,592,819000
5,593,819000
5,594,819000
5,595,819000
5,596,819000
5,597,819000
5,598,819000
5,599,819000
5,600,819000
5,601,819000
5,602,819000
5,603,819000
5,604,819000
5,605,819000
5,606,819000
5,607,819000
5,608,819000
5,609,819000
5,610,819000
5,611,819000
5,612,819000
5,613,819000
5,614,819000
5,615,819000
5,616,819000
5,617,819000
5,618,819000
5,619,819000
5,620,819000
5,621,819000
5,622,819000
5,623,819000
5,624,819000
5,625,819000
5,626,819000
5,627,819000
5,628,819000
5,629,819000
5,630,819000
5,631,819000
5,632,819000
5,633,819000
5,634,819000
5,635,819000
5,636,819000
5,637,819000
5,638,819000
5,639,819000
5,640,819000
5,641,819000
5,642,819000
5,643,819000
5,644,819000
5,645,819000
5,646,819000
5,647,819000
5,648,819000
5,649,819000
5,650,819000
5,651,819000
5,652,819000
5,653,819000
5,654,819000
5,655,819000
5,656,819000
5,657,819000
5,658,819000
5,659,819000
5,660,819000
5,661,819000
5,662,819000
5,663,819000
5,664,819000
5,665,819000
5,666,819000
5,667,819000
5,668,819000
5,669,819000
5,670,819000
5,671,819000
5,672,819000
5,673,819000
5,674,819000
5,675,819000
5,676,819000
5,677,819000
5,678,819000
5,679,819000
5,680,819000
5,681,819000
5,682,819000
5,683,819000
5,684,819000
5,685,819000
5,686,819000
5,687,819000
5,688,819000
5,689,819000
5,690,819000
5,691,819000
5,692,819000
5,693,819000
5,694,819000
5,695,819000
5,696,819000
5,697,819000
5,698,819000
5,699,819000
5,700,819000
5,701,819000
5,702,819000
5,703,819000
5,704,819000
5,705,819000
5,706,819000
5,707,819000
5,708,819000
5,709,819000
5,710,819000
5,711,819000
5,712,819000
5,713,819000
5,714,819000
5,715,819000
5,716,819000
5,717,819000
5,718,819000
5,719,819000
5,720,819000
5,721,819000
5,722,819000
5,723,819000
5,724,819000
5,725,819000
5,726,819000
5,727,819000
5,728,819000
5,729,819000
5,730,819000
5,731,819000
5,732,819000
5,733,819000
5,734,819000
5,735,819000
5,736,819000
5,737,819000
5,738,819000
5,739,819000
5,740,819000
5,741,819000
5,742,819000
5,743,819000
5,744,819000
5,745,819000
5,746,819000
5,747,819000
5,748,819000
5,749,819000
5,750,819000
5,751,819000
5,752,819000
5,753,819000
5,754,819000
5,755,819000
5,756,819000
5,757,819000
5,758,819000
5,759,819000
5,760,819000
5,761,819000
5,762,819000
5,763,819000
5,764,819000
5,765,819000
5,766,819000
5,767,819000
5,768,819000
5,769,819000
5,770,819000
5,771,819000
5,772,819000
5,773,819000
5,774,819000
5,775,819000
5,776,819000
5,777,819000
5,778,819000
5,779,819000
5,780,819000
5,781,819000
5,782,819000
5,783,819000
5,784,819000
5,785,819000
5,786,819000
5,787,819000
5,788,819000
5,789,819000
5,790,819000
5,791,819000
5,792,819000
5,793,819000
5,794,819000
5,795,819000
5,796,819000
5,797,819000
5,798,819000
5,799,819000
5,800,819000
5,801,819000
5,802,819000
5,803,819000
5,804,819000
5,805,819000
5,806,819000
5,807,819000
5,808,819000
5,809,819000
5,810,819000
5,811,819000
5,812,819000
5,813,819000
5,814,819000
5,815,819000
5,816,819000
5,817,819000
5,818,819000
5,819,819000
5,820,819000
5,821,819000
5,822,819000
5,823,819000
5,824,819000
5,825,819000
5,826,819000
5,827,819000
5,828,819000
5,829,819000
5,830,819000
5,831,819000
5,832,819000
5,833,819000
5,834,819000
5,835,819000
5,836,819000
5,837,819000
5,838,819000
5,839,819000
5,840,819000
5,841,819000
5,842,819000
5,843,819000
5,844,819000
5,845,819000
5,846,819000
5,847,819000
5,848,819000
5,849,819000
5,850,819000
5,851,819000
5,852,819000
5,853,819000
5,854,819000
5,855,819000
5,856,819000
5,857,819000
5,858,819000
5,859,819000
5,860,819000
5,861,819000
5,862,819000
5,863,819000
5,864,819000
5,865,819000
5,866,819000
5,867,819000
5,868,819000
5,869,819000
5,870,819000
5,871,819000
5,872,819000
5,873,819000
5,874,819000
5,875,819000
5,876,819000
5,877,819000
5,878,819000
5,879,819000
5,880,819000
5,881,819000
5,882,819000
5,883,819000
5,884,819000
5,885,819000
5,886,819000
5,887,819000
5,888,819000
5,889,819000
5,890,819000
5,891,819000
5,892,819000
5,893,819000
5,894,819000
5,895,819000
5,896,819000
5,897,819000
5,898,819000
5,899,819000
5,900,819000
5,901,819000
5,902,819000
5,903,819000
5,904,819000
5,905,819000
5,906,819000
5,907,819000
5,908,819000
5,909,819000
5,910,819000
5,911,819000
5,912,819000
5,913,819000
5,914,819000
5,915,819000
5,916,819000
5,917,819000
5,918,819000
5,919,819000
5,920,819000
5,921,819000
5,922,819000
5,923,819000
5,924,819000
5,925,819000
5,926,819000
5,927,819000
5,928,819000
5,929,819000
5,930,819000
5,931,819000
5,932,819000
5,933,819000
5,934,819000
5,935,819000
5,936,819000
5,937,819000
5,938,819000
5,939,819000
5,940,819000
5,941,819000
5,942,819000
5,943,819000
5,944,819000
5,945,819000
5,946,819000
5,947,819000
5,948,819000
5,949,819000
5,950,819000
5,951,819000
5,952,819000
5,953,819000
5,954,819000
5,955,819000
5,956,819000
5,957,819000
5,958,819000
5,959,819000
5,960,819000
5,961,819000
5,962,819000
5,963,819000
5,964,819000
5,965,819000
5,966,819000
5,967,819000
5,968,819000
5,969,819000
5,970,819000
5,971,819000
5,972,819000
5,973,819000
5,974,819000
5,975,819000
5,976,819000
5,977,819000
5,978,819000
5,979,819000
5,980,819000
5,981,819000
5,982,819000
5,983,819000
5,984,819000
5,985,819000
5,986,819000
5,987,819000
5,988,819000
5,989,819000
5,990,819000
5,991,819000
5,992,819000
5,993,819000
5,994,819000
5,995,819000
5,996,819000
5,997,819000
5,998,819000
5,999,819000
5,1000,819000
6,0,819000
6,1,819000
6,2,819000
6,3,819000
6,4,819000
6,5,819000
6,6,819000
6,7,819000
6,8,819000
6,9,819000
6,10,819000
6,11,819000
6,12,819000
6,13,819000
6,14,819000
6,15,819000
6,16,819000
6,17,819000
6,18,819000
6,19,819000
6,20,819000
6,21,819000
6,22,819000
6,23,819000
6,24,819000
6,25,819000
6,26,819000
6,27,819000
6,28,819000
6,29,819000
6,30,819000
6,31,819000
6,32,819000
6,33,819000
6,34,819000
6,35,819000
6,36,819000
6,37,819000
6,38,819000
6,39,819000
6,40,819000
6,41,819000
6,42,819000
6,43,819000
6,44,819000
6,45,819000
6,46,819000
6,47,819000
6,48,819000
6,49,819000
6,50,819000
6,51,819000
6,52,819000
6,53,819000
6,54,819000
6,55,819000
6,56,819000
6,57,819000
6,58,819000
6,59,819000
6,60,819000
6,61,819000
6,62,819000
6,63,819000
6,64,819000
6,65,819000
6,66,819000
6,67,819000
6,68,819000
6,69,819000
6,70,819000
6,71,819000
6,72,819000
6,73,819000
6,74,819000
6,75,819000
6,76,819000
6,77,819000
6,78,819000
6,79,819000
6,80,819000
6,81,819000
6,82,819000
6,83,819000
6,84,819000
6,85,819000
6,86,819000
6,87,819000
6,88,819000
6,89,819000
6,90,819000
6,91,819000
6,92,819000
6,93,819000
6,94,819000
6,95,819000
6,96,819000
6,97,819000
6,98,819000
6,99,819000
6,100,819000
6,101,819000
6,102,819000
6,103,819000
6,104,819000
6,105,819000
6,106,819000
6,107,819000
6,108,819000
6,109,819000
6,110,819000
6,111,819000
6,112,819000
6,113,819000
6,114,819000
6,115,819000
6,116,819000
6,117,819000
6,118,819000
6,119,819000
6,120,819000
6,121,819000
6,122,819000
6,123,819000
6,124,819000
6,125,819000
6,126,819000
6,127,819000
6,128,819000
6,129,819000
6,130,819000
6,131,819000
6,132,819000
6,133,819000
6,134,819000
6,135,819000
6,136,819000
6,137,819000
6,138,819000
6,139,819000
6,140,819000
6,141,819000
6,142,819000
6,143,819000
6,144,819000
6,145,819000
6,146,819000
6,147,819000
6,148,819000
6,149,819000
6,150,819000
6,151,819000
6,152,819000
6,153,819000
6,154,819000
6,155,819000
6,156,819000
6,157,819000
6,158,819000
6,159,819000
6,160,819000
6,161,819000
6,162,819000
6,163,819000
6,164,819000
6,165,819000
6,166,819000
6,167,819000
6,168,819000
6,169,819000
6,170,819000
6,171,819000
6,172,819000
6,173,819000
6,174,819000
6,175,819000
6,176,819000
6,177,819000
6,178,819000
6,179,819000
6,180,819000
6,181,819000
6,182,819000
6,183,819000
6,184,819000
6,185,819000
6,186,819000
6,187,819000
6,188,819000
6,189,819000
6,190,819000
6,191,819000
6,192,819000
6,193,819000
6,194,819000
6,195,819000
6,196,819000
6,197,819000
6,198,819000
6,199,819000
6,200,819000
6,201,819000
6,202,819000
6,203,819000
6,204,819000
6,205,819000
6,206,819000
6,207,819000
6,208,819000
6,209,819000
6,210,819000
6,211,819000
6,212,819000
6,213,819000
6,214,819000
6,215,819000
6,216,819000
6,217,819000
6,218,819000
6,219,819000
6,220,819000
6,221,819000
6,222,819000
6,223,819000
6,224,819000
6,225,819000
6,226,819000
6,227,819000
6,228,819000
6,229,819000
6,230,819000
6,231,819000
6,232,819000
6,233,819000
6,234,819000
6,235,819000
6,236,819000
6,237,819000
6,238,819000
6,239,819000
6,240,819000
6,241,819000
6,242,819000
6,243,819000
6,244,819000
6,245,819000
6,246,819000
6,247,819000
6,248,819000
6,249,819000
6,250,819000
6,251,819000
6,252,819000
6,253,819000
6,254,819000
6,255,819000
6,256,819000
6,257,819000
6,258,819000
6,259,819000
6,260,819000
6,261,819000
6,262,819000
6,263,819000
6,264,819000
6,265,819000
6,266,819000
6,267,819000
6,268,819000
6,269,819000
6,270,819000
6,271,819000
6,272,819000
6,273,819000
6,274,819000
6,275,819000
6,276,819000
6,277,819000
6,278,819000
6,279,819000
6,280,819000
6,281,819000
6,282,819000
6,283,819000
6,284,819000
6,285,819000
6,286,819000
6,287,819000
6,288,819000
6,289,819000
6,290,819000
6,291,819000
6,292,819000
6,293,819000
6,294,819000
6,295,819000
6,296,819000
6,297,819000
6,298,819000
6,299,819000
6,300,819000
6,301,819000
6,302,819000
6,303,819000
6,304,819000
6,305,819000
6,306,819000
6,307,819000
6,308,819000
6,309,819000
6,310,819000
6,311,819000
6,312,819000
6,313,819000
6,314,819000
6,315,819000
6,316,819000
6,317,819000
6,318,819000
6,319,819000
6,320,819000
6,321,819000
6,322,819000
6,323,819000
6,324,819000
6,325,819000
6,326,819000
6,327,819000
6,328,819000
6,329,819000
6,330,819000
6,331,819000
6,332,819000
6,333,819000
6,334,819000
6,335,819000
6,336,819000
6,337,819000
6,338,819000
6,339,819000
6,340,819000
6,341,819000
6,342,819000
6,343,819000
6,344,819000
6,345,819000
6,346,819000
6,347,819000
6,348,819000
6,349,819000
6,350,819000
6,351,819000
6,352,819000
6,353,819000
6,354,819000
6,355,819000
6,356,819000
6,357,819000
6,358,819000
6,359,819000
6,360,819000
6,361,819000
6,362,819000
6,363,819000
6,364,819000
6,365,819000
6,366,819000
6,367,819000
6,368,819000
6,369,819000
6,370,819000
6,371,819000
6,372,819000
6,373,819000
6,374,819000
6,375,819000
6,376,819000
6,377,819000
6,378,819000
6,379,819000
6,380,819000
6,381,819000
6,382,819000
6,383,819000
6,384,819000
6,385,819000
6,386,819000
6,387,819000
6,388,819000
6,389,819000
6,390,819000
6,391,819000
6,392,819000
6,393,819000
6,394,819000
6,395,819000
6,396,819000
6,397,819000
6,398,819000
6,399,819000
6,400,819000
6,401,819000
6,402,819000
6,403,819000
6,404,819000
6,405,819000
6,406,819000
6,407,819000
6,408,819000
6,409,819000
6,410,819000
6,411,819000
6,412,819000
6,413,819000
6,414,819000
6,415,819000
6,416,819000
6,417,819000
6,418,819000
6,419,819000
6,420,819000
6,421,819000
6,422,819000
6,423,819000
6,424,819000
6,425,819000
6,426,819000
6,427,819000
6,428,819000
6,429,819000
6,430,819000
6,431,819000
6,432,819000
6,433,819000
6,434,819000
6,435,819000
6,436,819000
6,437,819000
6,438,819000
6,439,819000
6,440,819000
6,441,819000
6,442,819000
6,443,819000
6,444,819000
6,445,819000
6,446,819000
6,447,819000
6,448,819000
6,449,819000
6,450,819000
6,451,819000
6,452,819000
6,453,819000
6,454,819000
6,455,819000
6,456,819000
6,457,819000
6,458,819000
6,459,819000
6,460,819000
6,461,819000
6,462,819000
6,463,819000
6,464,819000
6,465,819000
6,466,819000
6,467,819000
6,468,819000
6,469,819000
6,470,819000
6,471,819000
6,472,819000
6,473,819000
6,474,819000
6,475,819000
6,476,819000
6,477,819000
6,478,819000
6,479,819000
6,480,819000
6,481,819000
6,482,819000
6,483,819000
6,484,819000
6,485,819000
6,486,819000
6,487,819000
6,488,819000
6,489,819000
6,490,819000
6,491,819000
6,492,819000
6,493,819000
6,494,819000
6,495,819000
6,496,819000
6,497,819000
6,498,819000
6,499,819000
6,500,819000
6,501,819000
6,502,819000
6,503,819000
6,504,819000
6,505,819000
6,506,819000
6,507,819000
6,508,819000
6,509,819000
6,510,819000
6,511,819000
6,512,819000
6,513,819000
6,514,819000
6,515,819000
6,516,819000
6,517,819000
6,518,819000
6,519,819000
6,520,819000
6,521,819000
6,522,819000
6,523,819000
6,524,819000
6,525,819000
6,526,819000
6,527,819000
6,528,819000
6,529,819000
6,530,819000
6,531,819000
6,532,819000
6,533,819000
6,534,819000
6,535,819000
6,536,819000
6,537,819000
6,538,819000
6,539,819000
6,540,819000
6,541,819000
6,542,819000
6,543,819000
6,544,819000
6,545,819000
6,546,819000
6,547,819000
6,548,819000
6,549,819000
6,550,819000
6,551,819000
6,552,819000
6,553,819000
6,554,819000
6,555,819000
6,556,819000
6,557,819000
6,558,819000
6,559,819000
6,560,819000
6,561,819000
6,562,819000
6,563,819000
6,564,819000
6,565,819000
6,566,819000
6,567,819000
6,568,819000
6,569,819000
6,570,819000
6,571,819000
6,572,819000
6,573,819000
6,574,819000
6,575,819000
6,576,819000
6,577,819000
6,578,819000
6,579,819000
6,580,819000
6,581,819000
6,582,819000
6,583,819000
6,584,819000
6,585,819000
6,586,819000
6,587,819000
6,588,819000
6,589,819000
6,590,819000
6,591,819000
6,592,819000
6,593,819000
6,594,819000
6,595,819000
6,596,819000
6,597,819000
6,598,819000
6,599,819000
6,600,819000
6,601,819000
6,602,819000
6,603,819000
6,604,819000
6,605,819000
6,606,819000
6,607,819000
6,608,819000
6,609,819000
6,610,819000
6,611,819000
6,612,819000
6,613,819000
6,614,819000
6,615,819000
6,616,819000
6,617,819000
6,618,819000
6,619,819000
6,620,819000
6,621,819000
6,622,819000
6,623,819000
6,624,819000
6,625,819000
6,626,819000
6,627,819000
6,628,819000
6,629,819000
6,630,819000
6,631,819000
6,632,819000
6,633,819000
6,634,819000
6,635,819000
6,636,819000
6,637,819000
6,638,819000
6,639,819000
6,640,819000
6,641,819000
6,642,819000
6,643,819000
6,644,819000
6,645,819000
6,646,819000
6,647,819000
6,648,819000
6,649,819000
6,650,819000
6,651,819000
6,652,819000
6,653,819000
6,654,819000
6,655,819000
6,656,819000
6,657,819000
6,658,819000
6,659,819000
6,660,819000
6,661,819000
6,662,819000
6,663,819000
6,664,819000
6,665,819000
6,666,819000
6,667,819000
6,668,819000
6,669,819000
6,670,819000
6,671,819000
6,672,819000
6,673,819000
6,674,819000
6,675,819000
6,676,819000
6,677,819000
6,678,819000
6,679,819000
6,680,819000
6,681,819000
6,682,819000
6,683,819000
6,684,819000
6,685,819000
6,686,819000
6,687,819000
6,688,819000
6,689,819000
6,690,819000
6,691,819000
6,692,819000
6,693,819000
6,694,819000
6,695,819000
6,696,819000
6,697,819000
6,698,819000
6,699,819000
6,700,819000
6,701,819000
6,702,819000
6,703,819000
6,704,819000
6,705,819000
6,706,819000
6,707,819000
6,708,819000
6,709,819000
6,710,819000
6,711,819000
6,712,819000
6,713,819000
6,714,819000
6,715,819000
6,716,819000
6,717,819000
6,718,819000
6,719,819000
6,720,819000
6,721,819000
6,722,819000
6,723,819000
6,724,819000
6,725,819000
6,726,819000
6,727,819000
6,728,819000
6,729,819000
6,730,819000
6,731,819000
6,732,819000
6,733,819000
6,734,819000
6,735,819000
6,736,819000
6,737,819000
6,738,819000
6,739,819000
6,740,819000
6,741,819000
6,742,819000
6,743,819000
6,744,819000
6,745,819000
6,746,819000
6,747,819000
6,748,819000
6,749,819000
6,750,819000
6,751,819000
6,752,819000
6,753,819000
6,754,819000
6,755,819000
6,756,819000
6,757,819000
6,758,819000
6,759,819000
6,760,819000
6,761,819000
6,762,819000
6,763,819000
6,764,819000
6,765,819000
6,766,819000
6,767,819000
6,768,819000
6,769,819000
6,770,819000
6,771,819000
6,772,819000
6,773,819000
6,774,819000
6,775,819000
6,776,819000
6,777,819000
6,778,819000
6,779,819000
6,780,819000
6,781,819000
6,782,819000
6,783,819000
6,784,819000
6,785,819000
6,786,819000
6,787,819000
6,788,819000
6,789,819000
6,790,819000
6,791,819000
6,792,819000
6,793,819000
6,794,819000
6,795,819000
6,796,819000
6,797,819000
6,798,819000
6,799,819000
6,800,819000
6,801,819000
6,802,819000
6,803,819000
6,804,819000
6,805,819000
6,806,819000
6,807,819000
6,808,819000
6,809,819000
6,810,819000
6,811,819000
6,812,819000
6,813,819000
6,814,819000
6,815,819000
6,816,819000
6,817,819000
6,818,819000
6,819,819000
6,820,819000
6,821,819000
6,822,819000
6,823,819000
6,824,819000
6,825,819000
6,826,819000
6,827,819000
6,828,819000
6,829,819000
6,830,819000
6,831,819000
6,832,819000
6,833,819000
6,834,819000
6,835,819000
6,836,819000
6,837,819000
6,838,819000
6,839,819000
6,840,819000
6,841,819000
6,842,819000
6,843,819000
6,844,819000
6,845,819000
6,846,819000
6,847,819000
6,848,819000
6,849,819000
6,850,819000
6,851,819000
6,852,819000
6,853,819000
6,854,819000
6,855,819000
6,856,819000
6,857,819000
6,858,819000
6,859,819000
6,860,819000
6,861,819000
6,862,819000
6,863,819000
6,864,819000
6,865,819000
6,866,819000
6,867,819000
6,868,819000
6,869,819000
6,870,819000
6,871,819000
6,872,819000
6,873,819000
6,874,819000
6,875,819000
6,876,819000
6,877,819000
6,878,819000
6,879,819000
6,880,819000
6,881,819000
6,882,819000
6,883,819000
6,884,819000
6,885,819000
6,886,819000
6,887,819000
6,888,819000
6,889,819000
6,890,819000
6,891,819000
6,892,819000
6,893,819000
6,894,819000
6,895,819000
6,896,819000
6,897,819000
6,898,819000
6,899,819000
6,900,819000
6,901,819000
6,902,819000
6,903,819000
6,904,819000
6,905,819000
6,906,819000
6,907,819000
6,908,819000
6,909,819000
6,910,819000
6,911,819000
6,912,819000
6,913,819000
6,914,819000
6,915,819000
6,916,819000
6,917,819000
6,918,819000
6,919,819000
6,920,819000
6,921,819000
6,922,819000
6,923,819000
6,924,819000
6,925,819000
6,926,819000
6,927,819000
6,928,819000
6,929,819000
6,930,819000
6,931,819000
6,932,819000
6,933,819000
6,934,819000
6,935,819000
6,936,819000
6,937,819000
6,938,819000
6,939,819000
6,940,819000
6,941,819000
6,942,819000
6,943,819000
6,944,819000
6,945,819000
6,946,819000
6,947,819000
6,948,819000
6,949,819000
6,950,819000
6,951,819000
6,952,819000
6,953,819000
6,954,819000
6,955,819000
6,956,819000
6,957,819000
6,958,819000
6,959,819000
6,960,819000
6,961,819000
6,962,819000
6,963,819000
6,964,819000
6,965,819000
6,966,819000
6,967,819000
6,968,819000
6,969,819000
6,970,819000
6,971,819000
6,972,819000
6,973,819000
6,974,819000
6,975,819000
6,976,819000
6,977,819000
6,978,819000
6,979,819000
6,980,819000
6,981,819000
6,982,819000
6,983,819000
6,984,819000
6,985,819000
6,986,819000
6,987,819000
6,988,819000
6,989,819000
6,990,819000
6,991,819000
6,992,819000
6,993,819000
6,994,819000
6,995,819000
6,996,819000
6,997,819000
6,998,819000
6,999,819000
6,1000,819000
