1,0,163537
1,1,107426
1,2,101852
1,3,97661
1,4,94496
1,5,92323
1,6,90865
1,7,90067
1,8,89801
1,9,90014
1,10,90504
1,11,91278
1,12,92329
1,13,93670
1,14,94900
1,15,96440
1,16,98222
1,17,99909
1,18,101843
1,19,103977
1,20,105909
1,21,104916
1,22,105659
1,23,106442
1,24,107344
1,25,108267
1,26,109356
1,27,110290
1,28,111266
1,29,112215
1,30,113102
1,31,114212
1,32,115286
1,33,116350
1,34,117466
1,35,118436
1,36,119388
1,37,120408
1,38,121324
1,39,121985
1,40,122945
1,41,123697
1,42,124392
1,43,125050
1,44,125786
1,45,126305
1,46,126898
1,47,127526
1,48,128200
1,49,128619
1,50,129144
1,51,129422
1,52,129733
1,53,130061
1,54,130423
1,55,130813
1,56,131035
1,57,131388
1,58,131780
1,59,132163
1,60,132356
1,61,132714
1,62,132880
1,63,133329
1,64,133459
1,65,133737
1,66,134092
1,67,134242
1,68,134551
1,69,134588
1,70,134870
1,71,134970
1,72,135156
1,73,135338
1,74,135358
1,75,135527
1,76,135762
1,77,135860
1,78,135857
1,79,135979
1,80,136055
1,81,136228
1,82,136524
1,83,136548
1,84,136722
1,85,136883
1,86,137131
1,87,137255
1,88,137278
1,89,137345
1,90,137400
1,91,137430
1,92,137376
1,93,137334
1,94,137517
1,95,137548
1,96,137595
1,97,137586
1,98,137560
1,99,137624
1,100,137586
1,101,137538
1,102,137465
1,103,137462
1,104,137354
1,105,137415
1,106,137545
1,107,137571
1,108,137581
1,109,137646
1,110,137644
1,111,137602
1,112,137629
1,113,137675
1,114,137751
1,115,137746
1,116,137815
1,117,137879
1,118,137826
1,119,137882
1,120,137994
1,121,138047
1,122,138140
1,123,138131
1,124,138389
1,125,138457
1,126,138464
1,127,138243
1,128,138308
1,129,138397
1,130,138408
1,131,138516
1,132,138510
1,133,138577
1,134,138527
1,135,138550
1,136,138628
1,137,138653
1,138,138687
1,139,138788
1,140,138816
1,141,138872
1,142,138789
1,143,138822
1,144,138778
1,145,138832
1,146,138940
1,147,139050
1,148,139145
1,149,139214
1,150,139147
1,151,139213
1,152,139277
1,153,139344
1,154,139399
1,155,139415
1,156,139585
1,157,139493
1,158,139500
1,159,139549
1,160,139540
1,161,139652
1,162,139647
1,163,139721
1,164,139733
1,165,139701
1,166,139811
1,167,139896
1,168,139966
1,169,139906
1,170,139776
1,171,139755
1,172,139771
1,173,139659
1,174,139651
1,175,139635
1,176,139625
1,177,139595
1,178,139551
1,179,139590
1,180,139576
1,181,139474
1,182,139451
1,183,139534
1,184,139406
1,185,139486
1,186,139421
1,187,139452
1,188,139554
1,189,139670
1,190,139700
1,191,139870
1,192,139736
1,193,139898
1,194,139956
1,195,139991
1,196,140037
1,197,140096
1,198,140092
1,199,140073
1,200,140001
1,201,140031
1,202,140205
1,203,140163
1,204,140208
1,205,140154
1,206,140255
1,207,140201
1,208,140265
1,209,140308
1,210,140178
1,211,140376
1,212,140428
1,213,140351
1,214,140397
1,215,140503
1,216,140528
1,217,140461
1,218,140474
1,219,140555
1,220,140603
1,221,140732
1,222,140656
1,223,140786
1,224,140646
1,225,140699
1,226,140654
1,227,140705
1,228,140723
1,229,140789
1,230,140785
1,231,140566
1,232,140654
1,233,140736
1,234,140691
1,235,140500
1,236,140550
1,237,140551
1,238,140539
1,239,140528
1,240,140429
1,241,140446
1,242,140457
1,243,140564
1,244,140601
1,245,140623
1,246,140459
1,247,140448
1,248,140416
1,249,140498
1,250,140384
1,251,140388
1,252,140424
1,253,140491
1,254,140496
1,255,140443
1,256,140392
1,257,140450
1,258,140355
1,259,140225
1,260,140182
1,261,140230
1,262,140128
1,263,140142
1,264,140118
1,265,140273
1,266,140331
1,267,140320
1,268,140203
1,269,140272
1,270,140287
1,271,140228
1,272,140228
1,273,140233
1,274,140264
1,275,140161
1,276,140197
1,277,140280
1,278,140382
1,279,140561
1,280,140566
1,281,140632
1,282,140713
1,283,140739
1,284,140778
1,285,140677
1,286,140733
1,287,140738
1,288,140746
1,289,140734
1,290,140719
1,291,140521
1,292,140558
1,293,140698
1,294,140818
1,295,140931
1,296,140980
1,297,140880
1,298,140862
1,299,140758
1,300,140825
1,301,140858
1,302,140873
1,303,140888
1,304,140924
1,305,140764
1,306,140736
1,307,140779
1,308,140715
1,309,140767
1,310,140927
1,311,140999
1,312,140994
1,313,141053
1,314,140963
1,315,140747
1,316,140596
1,317,140556
1,318,140676
1,319,140704
1,320,140656
1,321,140722
1,322,140675
1,323,140592
1,324,140688
1,325,140683
1,326,140552
1,327,140508
1,328,140571
1,329,140535
1,330,140624
1,331,140402
1,332,140351
1,333,140191
1,334,140179
1,335,140308
1,336,140411
1,337,140451
1,338,140393
1,339,140395
1,340,140383
1,341,140422
1,342,140534
1,343,140479
1,344,140424
1,345,140321
1,346,140361
1,347,140418
1,348,140448
1,349,140491
1,350,140373
1,351,140335
1,352,140259
1,353,140253
1,354,140148
1,355,140109
1,356,140173
1,357,140116
1,358,139989
1,359,140014
1,360,140068
1,361,139909
1,362,139891
1,363,139710
1,364,139629
1,365,139813
1,366,139763
1,367,139828
1,368,139917
1,369,139985
1,370,140010
1,371,139883
1,372,139866
1,373,140009
1,374,139969
1,375,139894
1,376,139902
1,377,139896
1,378,139848
1,379,139806
1,380,139630
1,381,139790
1,382,139743
1,383,139919
1,384,140016
1,385,140015
1,386,140118
1,387,140113
1,388,140045
1,389,140037
1,390,140103
1,391,140178
1,392,140075
1,393,140028
1,394,140147
1,395,140207
1,396,140078
1,397,140016
1,398,140165
1,399,140216
1,400,140408
1,401,140352
1,402,140281
1,403,140238
1,404,140300
1,405,140486
1,406,140413
1,407,140361
1,408,140288
1,409,140230
1,410,140179
1,411,140275
1,412,140271
1,413,140121
1,414,140136
1,415,140148
1,416,140299
1,417,140426
1,418,140362
1,419,140421
1,420,140436
1,421,140436
1,422,140274
1,423,140322
1,424,140325
1,425,140359
1,426,140340
1,427,140448
1,428,140574
1,429,140625
1,430,140569
1,431,140616
1,432,140515
1,433,140488
1,434,140538
1,435,140592
1,436,140619
1,437,140669
1,438,140742
1,439,140841
1,440,140837
1,441,140815
1,442,140826
1,443,140853
1,444,140763
1,445,140784
1,446,140705
1,447,140718
1,448,140758
1,449,140744
1,450,140788
1,451,140812
1,452,140804
1,453,140835
1,454,140843
1,455,140950
1,456,140902
1,457,140885
1,458,140909
1,459,140978
1,460,141036
1,461,140851
1,462,140932
1,463,140738
1,464,140756
1,465,140795
1,466,140796
1,467,140651
1,468,140676
1,469,140642
1,470,140659
1,471,140532
1,472,140543
1,473,140433
1,474,140440
1,475,140533
1,476,140519
1,477,140416
1,478,140377
1,479,140393
1,480,140423
1,481,140448
1,482,140431
1,483,140501
1,484,140583
1,485,140534
1,486,140514
1,487,140429
1,488,140322
1,489,140349
1,490,140285
1,491,140491
1,492,140429
1,493,140513
1,494,140529
1,495,140487
1,496,140485
1,497,140442
1,498,140560
1,499,140509
1,500,140511
1,501,140574
1,502,140622
1,503,140791
1,504,140792
1,505,140897
1,506,141024
1,507,140994
1,508,140991
1,509,140995
1,510,141055
1,511,141038
1,512,141019
1,513,140945
1,514,140861
1,515,140811
1,516,140819
1,517,140934
1,518,140913
1,519,140883
1,520,140768
1,521,140639
1,522,140706
1,523,140705
1,524,140619
1,525,140694
1,526,140508
1,527,140520
1,528,140561
1,529,140670
1,530,140695
1,531,140653
1,532,140672
1,533,140671
1,534,140717
1,535,140690
1,536,140672
1,537,140574
1,538,140601
1,539,140701
1,540,140731
1,541,140834
1,542,140800
1,543,140792
1,544,140836
1,545,140944
1,546,140990
1,547,140774
1,548,140798
1,549,140738
1,550,140629
1,551,140666
1,552,140657
1,553,140566
1,554,140488
1,555,140416
1,556,140443
1,557,140334
1,558,140336
1,559,140257
1,560,140304
1,561,140355
1,562,140384
1,563,140426
1,564,140475
1,565,140624
1,566,140691
1,567,140733
1,568,140713
1,569,140630
1,570,140596
1,571,140640
1,572,140539
1,573,140660
1,574,140665
1,575,140761
1,576,140864
1,577,140958
1,578,140946
1,579,141006
1,580,141075
1,581,141093
1,582,141070
1,583,140902
1,584,140964
1,585,140969
1,586,140958
1,587,140846
1,588,140835
1,589,140676
1,590,140708
1,591,140573
1,592,140685
1,593,140700
1,594,140573
1,595,140701
1,596,140773
1,597,140739
1,598,140728
1,599,140707
1,600,140863
1,601,140830
1,602,140851
1,603,140832
1,604,140781
1,605,140737
1,606,140766
1,607,140838
1,608,140775
1,609,140738
1,610,140762
1,611,140758
1,612,140688
1,613,140669
1,614,140846
1,615,140848
1,616,140923
1,617,140925
1,618,140919
1,619,140891
1,620,140895
1,621,140808
1,622,140785
1,623,140719
1,624,140791
1,625,140792
1,626,140876
1,627,140792
1,628,140683
1,629,140724
1,630,140740
1,631,140732
1,632,140905
1,633,141066
1,634,141015
1,635,141175
1,636,141174
1,637,141213
1,638,141179
1,639,141143
1,640,141256
1,641,141428
1,642,141260
1,643,141058
1,644,141050
1,645,141027
1,646,141004
1,647,141041
1,648,140978
1,649,140974
1,650,140951
1,651,140809
1,652,140892
1,653,140728
1,654,140625
1,655,140492
1,656,140490
1,657,140469
1,658,140598
1,659,140493
1,660,140411
1,661,140387
1,662,140270
1,663,140397
1,664,140201
1,665,140252
1,666,140354
1,667,140395
1,668,140505
1,669,140512
1,670,140731
1,671,140756
1,672,140727
1,673,140601
1,674,140684
1,675,140600
1,676,140601
1,677,140760
1,678,140746
1,679,140862
1,680,140818
1,681,140884
1,682,140780
1,683,140704
1,684,140737
1,685,140691
1,686,140673
1,687,140689
1,688,140599
1,689,140576
1,690,140413
1,691,140346
1,692,140290
1,693,140400
1,694,140343
1,695,140237
1,696,140261
1,697,140522
1,698,140599
1,699,140665
1,700,140567
1,701,140586
1,702,140522
1,703,140523
1,704,140515
1,705,140577
1,706,140692
1,707,140641
1,708,140702
1,709,140708
1,710,140807
1,711,140851
1,712,140923
1,713,140899
1,714,140847
1,715,140872
1,716,140781
1,717,140743
1,718,140762
1,719,140781
1,720,140827
1,721,140777
1,722,140817
1,723,140845
1,724,140920
1,725,140837
1,726,140791
1,727,140865
1,728,140849
1,729,140855
1,730,140694
1,731,140764
1,732,140682
1,733,140551
1,734,140645
1,735,140563
1,736,140555
1,737,140611
1,738,140523
1,739,140523
1,740,140462
1,741,140617
1,742,140634
1,743,140616
1,744,140616
1,745,140490
1,746,140523
1,747,140505
1,748,140607
1,749,140543
1,750,140582
1,751,140486
1,752,140486
1,753,140558
1,754,140449
1,755,140348
1,756,140274
1,757,140227
1,758,140129
1,759,140108
1,760,140137
1,761,140069
1,762,139895
1,763,140001
1,764,139930
1,765,140139
1,766,140044
1,767,139973
1,768,139918
1,769,140083
1,770,140082
1,771,140083
1,772,139946
1,773,139918
1,774,140002
1,775,140031
1,776,140045
1,777,140216
1,778,140245
1,779,140263
1,780,140443
1,781,140522
1,782,140528
1,783,140459
1,784,140464
1,785,140318
1,786,140339
1,787,140412
1,788,140418
1,789,140444
1,790,140402
1,791,140532
1,792,140520
1,793,140404
1,794,140243
1,795,140359
1,796,140347
1,797,140296
1,798,140322
1,799,140348
1,800,140368
1,801,140600
1,802,140460
1,803,140469
1,804,140417
1,805,140419
1,806,140286
1,807,140385
1,808,140352
1,809,140403
1,810,140499
1,811,140514
1,812,140402
1,813,140546
1,814,140653
1,815,140659
1,816,140676
1,817,140738
1,818,140857
1,819,140817
1,820,140701
1,821,140662
1,822,140506
1,823,140587
1,824,140626
1,825,140642
1,826,140655
1,827,140630
1,828,140566
1,829,140561
1,830,140487
1,831,140419
1,832,140485
1,833,140509
1,834,140594
1,835,140623
1,836,140547
1,837,140579
1,838,140611
1,839,140816
1,840,140887
1,841,140854
1,842,140900
1,843,140772
1,844,140690
1,845,140804
1,846,140756
1,847,140995
1,848,140747
1,849,140666
1,850,140506
1,851,140752
1,852,140655
1,853,140580
1,854,140482
1,855,140527
1,856,140620
1,857,140578
1,858,140547
1,859,140712
1,860,140795
1,861,140699
1,862,140660
1,863,140617
1,864,140474
1,865,140377
1,866,140255
1,867,140291
1,868,140206
1,869,140186
1,870,140204
1,871,140351
1,872,140310
1,873,140263
1,874,140449
1,875,140364
1,876,140346
1,877,140368
1,878,140281
1,879,140408
1,880,140328
1,881,140499
1,882,140635
1,883,140610
1,884,140429
1,885,140387
1,886,140304
1,887,140239
1,888,140222
1,889,140266
1,890,140283
1,891,140343
1,892,140311
1,893,140365
1,894,140184
1,895,140302
1,896,140283
1,897,140280
1,898,140334
1,899,140281
1,900,140249
1,901,140213
1,902,140069
1,903,140181
1,904,140277
1,905,140348
1,906,140365
1,907,140405
1,908,140605
1,909,140601
1,910,140759
1,911,140629
1,912,140666
1,913,140709
1,914,140840
1,915,141045
1,916,140960
1,917,140999
1,918,141117
1,919,140972
1,920,141042
1,921,141189
1,922,141093
1,923,141099
1,924,141308
1,925,141253
1,926,141080
1,927,140994
1,928,140910
1,929,140989
1,930,140885
1,931,141002
1,932,140984
1,933,140967
1,934,140892
1,935,140847
1,936,140842
1,937,140751
1,938,140891
1,939,140868
1,940,140760
1,941,140508
1,942,140560
1,943,140628
1,944,140509
1,945,140531
1,946,140566
1,947,140714
1,948,140726
1,949,140630
1,950,140572
1,951,140532
1,952,140466
1,953,140446
1,954,140317
1,955,140320
1,956,140329
1,957,140391
1,958,140196
1,959,140303
1,960,140247
1,961,140338
1,962,140222
1,963,140174
1,964,140142
1,965,140153
1,966,140212
1,967,140279
1,968,140152
1,969,140178
1,970,140219
1,971,140190
1,972,140161
1,973,140186
1,974,140136
1,975,140292
1,976,140376
1,977,140409
1,978,140435
1,979,140490
1,980,140527
1,981,140615
1,982,140645
1,983,140733
1,984,140836
1,985,140821
1,986,140653
1,987,140621
1,988,140678
1,989,140785
1,990,140811
1,991,140690
1,992,140759
1,993,140649
1,994,140671
1,995,140714
1,996,140723
1,997,140778
1,998,140787
1,999,140776
1,1000,140832
2,0,163679
2,1,107700
2,2,102284
2,3,98107
2,4,94974
2,5,92847
2,6,91420
2,7,90524
2,8,90146
2,9,90134
2,10,90491
2,11,91266
2,12,92177
2,13,93393
2,14,94710
2,15,96214
2,16,97937
2,17,99814
2,18,101801
2,19,103939
2,20,105871
2,21,104840
2,22,105618
2,23,106571
2,24,107512
2,25,108213
2,26,109226
2,27,110254
2,28,111149
2,29,112200
2,30,113277
2,31,114495
2,32,115625
2,33,116755
2,34,117745
2,35,118713
2,36,119687
2,37,120555
2,38,121391
2,39,122088
2,40,122841
2,41,123679
2,42,124292
2,43,124801
2,44,125418
2,45,126104
2,46,126799
2,47,127230
2,48,127914
2,49,128477
2,50,128952
2,51,129324
2,52,129758
2,53,130025
2,54,130548
2,55,130965
2,56,131255
2,57,131621
2,58,131898
2,59,132336
2,60,132630
2,61,132937
2,62,133075
2,63,133454
2,64,133719
2,65,133988
2,66,134011
2,67,134036
2,68,134116
2,69,134334
2,70,134598
2,71,134713
2,72,134722
2,73,134892
2,74,135101
2,75,135237
2,76,135492
2,77,135444
2,78,135539
2,79,135559
2,80,135683
2,81,135693
2,82,135721
2,83,135856
2,84,135959
2,85,135994
2,86,136250
2,87,136304
2,88,136230
2,89,136206
2,90,136192
2,91,136385
2,92,136438
2,93,136422
2,94,136545
2,95,136664
2,96,136774
2,97,136915
2,98,137132
2,99,137271
2,100,137234
2,101,137414
2,102,137406
2,103,137525
2,104,137577
2,105,137643
2,106,137531
2,107,137808
2,108,138014
2,109,138147
2,110,138193
2,111,138175
2,112,138164
2,113,138063
2,114,137858
2,115,137949
2,116,137839
2,117,137902
2,118,137914
2,119,138004
2,120,138131
2,121,138096
2,122,138195
2,123,138147
2,124,138226
2,125,138299
2,126,138360
2,127,138344
2,128,138305
2,129,138309
2,130,138326
2,131,138300
2,132,138480
2,133,138475
2,134,138526
2,135,138641
2,136,138730
2,137,138863
2,138,138838
2,139,138886
2,140,138890
2,141,139084
2,142,139110
2,143,139118
2,144,139232
2,145,139091
2,146,139076
2,147,139154
2,148,139238
2,149,139181
2,150,139167
2,151,139160
2,152,139155
2,153,139268
2,154,139244
2,155,139179
2,156,139114
2,157,138960
2,158,139067
2,159,139108
2,160,139079
2,161,139107
2,162,138984
2,163,139148
2,164,139258
2,165,139471
2,166,139624
2,167,139542
2,168,139497
2,169,139537
2,170,139640
2,171,139561
2,172,139486
2,173,139401
2,174,139371
2,175,139367
2,176,139533
2,177,139747
2,178,139728
2,179,139774
2,180,139740
2,181,139834
2,182,139820
2,183,139884
2,184,139922
2,185,139914
2,186,139946
2,187,139914
2,188,139975
2,189,140013
2,190,140079
2,191,140043
2,192,139918
2,193,140032
2,194,140157
2,195,140013
2,196,140012
2,197,139939
2,198,139848
2,199,139939
2,200,139936
2,201,140052
2,202,140084
2,203,140190
2,204,140153
2,205,140169
2,206,140230
2,207,140392
2,208,140398
2,209,140397
2,210,140423
2,211,140427
2,212,140500
2,213,140431
2,214,140477
2,215,140535
2,216,140333
2,217,140344
2,218,140443
2,219,140278
2,220,140372
2,221,140437
2,222,140512
2,223,140443
2,224,140290
2,225,140353
2,226,140304
2,227,140143
2,228,140198
2,229,140109
2,230,140046
2,231,139985
2,232,139926
2,233,140006
2,234,139865
2,235,140144
2,236,140191
2,237,140162
2,238,140116
2,239,140108
2,240,140123
2,241,140129
2,242,140205
2,243,140179
2,244,140062
2,245,140017
2,246,140085
2,247,140010
2,248,139993
2,249,139964
2,250,139837
2,251,139885
2,252,139911
2,253,140051
2,254,140224
2,255,140214
2,256,140310
2,257,140400
2,258,140399
2,259,140485
2,260,140364
2,261,140466
2,262,140471
2,263,140387
2,264,140376
2,265,140285
2,266,140214
2,267,140232
2,268,140321
2,269,140182
2,270,140397
2,271,140339
2,272,140519
2,273,140460
2,274,140336
2,275,140357
2,276,140306
2,277,140331
2,278,140291
2,279,140236
2,280,140337
2,281,140422
2,282,140443
2,283,140599
2,284,140718
2,285,140722
2,286,140861
2,287,140946
2,288,140959
2,289,141020
2,290,140964
2,291,140951
2,292,140911
2,293,140765
2,294,140748
2,295,140834
2,296,140881
2,297,140703
2,298,140707
2,299,140672
2,300,140716
2,301,140766
2,302,140756
2,303,140694
2,304,140632
2,305,140560
2,306,140478
2,307,140512
2,308,140583
2,309,140600
2,310,140599
2,311,140654
2,312,140554
2,313,140477
2,314,140558
2,315,140452
2,316,140355
2,317,140454
2,318,140573
2,319,140721
2,320,140571
2,321,140582
2,322,140538
2,323,140666
2,324,140554
2,325,140548
2,326,140467
2,327,140457
2,328,140337
2,329,140360
2,330,140105
2,331,140222
2,332,140151
2,333,140260
2,334,140122
2,335,140124
2,336,140197
2,337,140337
2,338,140315
2,339,140309
2,340,140324
2,341,140293
2,342,140165
2,343,140004
2,344,140105
2,345,140064
2,346,140037
2,347,140227
2,348,140186
2,349,140208
2,350,140235
2,351,140376
2,352,140378
2,353,140230
2,354,140242
2,355,140194
2,356,140112
2,357,140014
2,358,139924
2,359,139973
2,360,140169
2,361,140126
2,362,140245
2,363,140235
2,364,140310
2,365,140241
2,366,140311
2,367,140215
2,368,140200
2,369,140072
2,370,140173
2,371,140310
2,372,140345
2,373,140264
2,374,140191
2,375,140275
2,376,140391
2,377,140544
2,378,140764
2,379,140859
2,380,140633
2,381,140714
2,382,140695
2,383,140675
2,384,140805
2,385,140729
2,386,140521
2,387,140530
2,388,140509
2,389,140762
2,390,140667
2,391,140723
2,392,140750
2,393,140881
2,394,140952
2,395,141005
2,396,140799
2,397,140815
2,398,140647
2,399,140672
2,400,140631
2,401,140650
2,402,140479
2,403,140505
2,404,140331
2,405,140359
2,406,140346
2,407,140322
2,408,140326
2,409,140314
2,410,140372
2,411,140212
2,412,140213
2,413,140379
2,414,140291
2,415,140132
2,416,140206
2,417,140171
2,418,140200
2,419,140308
2,420,140512
2,421,140379
2,422,140241
2,423,140256
2,424,140345
2,425,140436
2,426,140506
2,427,140642
2,428,140576
2,429,140483
2,430,140358
2,431,140270
2,432,140245
2,433,140219
2,434,140256
2,435,140441
2,436,140258
2,437,140072
2,438,139975
2,439,139900
2,440,139882
2,441,139940
2,442,140028
2,443,140115
2,444,140151
2,445,140046
2,446,140031
2,447,140048
2,448,140133
2,449,139974
2,450,140000
2,451,140095
2,452,140136
2,453,140029
2,454,139890
2,455,140071
2,456,140214
2,457,140181
2,458,140229
2,459,140297
2,460,140344
2,461,140402
2,462,140410
2,463,140341
2,464,140255
2,465,140352
2,466,140325
2,467,140249
2,468,140075
2,469,140164
2,470,140088
2,471,140095
2,472,140134
2,473,140206
2,474,140209
2,475,140184
2,476,140125
2,477,140270
2,478,140447
2,479,140309
2,480,140353
2,481,140397
2,482,140565
2,483,140420
2,484,140412
2,485,140541
2,486,140519
2,487,140656
2,488,140535
2,489,140562
2,490,140671
2,491,140684
2,492,140772
2,493,140711
2,494,140666
2,495,140652
2,496,140531
2,497,140584
2,498,140470
2,499,140300
2,500,140258
2,501,140223
2,502,140271
2,503,140401
2,504,140473
2,505,140508
2,506,140455
2,507,140294
2,508,140373
2,509,140423
2,510,140237
2,511,140219
2,512,140199
2,513,140115
2,514,140157
2,515,140042
2,516,140086
2,517,140152
2,518,140118
2,519,140185
2,520,140224
2,521,140188
2,522,140243
2,523,140258
2,524,140291
2,525,140525
2,526,140431
2,527,140356
2,528,140189
2,529,140137
2,530,139987
2,531,139920
2,532,139863
2,533,139916
2,534,139837
2,535,139786
2,536,139774
2,537,139781
2,538,140025
2,539,139991
2,540,140095
2,541,140075
2,542,139942
2,543,139879
2,544,139879
2,545,139770
2,546,140007
2,547,140016
2,548,140069
2,549,139997
2,550,140075
2,551,140154
2,552,139979
2,553,139897
2,554,139963
2,555,140029
2,556,140124
2,557,140054
2,558,140070
2,559,139991
2,560,140053
2,561,140120
2,562,140107
2,563,140203
2,564,140289
2,565,140347
2,566,140218
2,567,140121
2,568,140091
2,569,140092
2,570,140272
2,571,140134
2,572,140279
2,573,140365
2,574,140234
2,575,140243
2,576,140133
2,577,140100
2,578,140226
2,579,140242
2,580,140448
2,581,140589
2,582,140602
2,583,140723
2,584,140821
2,585,140704
2,586,140720
2,587,140653
2,588,140637
2,589,140564
2,590,140537
2,591,140534
2,592,140483
2,593,140550
2,594,140684
2,595,140638
2,596,140664
2,597,140586
2,598,140423
2,599,140482
2,600,140571
2,601,140390
2,602,140343
2,603,140343
2,604,140264
2,605,140339
2,606,140370
2,607,140380
2,608,140289
2,609,140386
2,610,140339
2,611,140356
2,612,140313
2,613,140407
2,614,140465
2,615,140545
2,616,140559
2,617,140571
2,618,140642
2,619,140575
2,620,140477
2,621,140520
2,622,140617
2,623,140624
2,624,140780
2,625,140927
2,626,140922
2,627,140806
2,628,140895
2,629,140901
2,630,140897
2,631,140752
2,632,140848
2,633,140838
2,634,140854
2,635,140899
2,636,141058
2,637,141168
2,638,141158
2,639,141254
2,640,141376
2,641,141312
2,642,141181
2,643,141243
2,644,141284
2,645,141359
2,646,141464
2,647,141565
2,648,141464
2,649,141405
2,650,141379
2,651,141521
2,652,141526
2,653,141467
2,654,141498
2,655,141370
2,656,141249
2,657,141147
2,658,140995
2,659,140907
2,660,140808
2,661,140732
2,662,140654
2,663,140531
2,664,140380
2,665,140378
2,666,140265
2,667,140265
2,668,140362
2,669,140495
2,670,140394
2,671,140364
2,672,140447
2,673,140316
2,674,140366
2,675,140312
2,676,140317
2,677,140411
2,678,140486
2,679,140417
2,680,140534
2,681,140708
2,682,140716
2,683,140747
2,684,140737
2,685,140701
2,686,140663
2,687,140861
2,688,140746
2,689,140747
2,690,140770
2,691,140753
2,692,140727
2,693,140899
2,694,140957
2,695,140874
2,696,140877
2,697,140967
2,698,140866
2,699,140930
2,700,140860
2,701,140807
2,702,140693
2,703,140678
2,704,140502
2,705,140491
2,706,140421
2,707,140251
2,708,140125
2,709,140050
2,710,140041
2,711,140013
2,712,140040
2,713,139875
2,714,139723
2,715,139856
2,716,139734
2,717,139787
2,718,139774
2,719,139720
2,720,139814
2,721,139940
2,722,139991
2,723,140007
2,724,140010
2,725,140063
2,726,140042
2,727,140055
2,728,140080
2,729,140073
2,730,140070
2,731,140108
2,732,140025
2,733,139928
2,734,140032
2,735,140158
2,736,140132
2,737,140144
2,738,140145
2,739,140098
2,740,140018
2,741,140047
2,742,140043
2,743,140013
2,744,140074
2,745,139919
2,746,139869
2,747,139893
2,748,139867
2,749,140003
2,750,139951
2,751,139977
2,752,139919
2,753,139970
2,754,139800
2,755,139793
2,756,139793
2,757,139767
2,758,139916
2,759,140090
2,760,140216
2,761,140200
2,762,140102
2,763,140245
2,764,140208
2,765,140178
2,766,140241
2,767,140140
2,768,140161
2,769,140133
2,770,140148
2,771,140068
2,772,140179
2,773,140149
2,774,140276
2,775,140361
2,776,140312
2,777,140421
2,778,140510
2,779,140532
2,780,140552
2,781,140434
2,782,140565
2,783,140647
2,784,140663
2,785,140750
2,786,140762
2,787,140711
2,788,140761
2,789,140807
2,790,140795
2,791,140961
2,792,141029
2,793,141064
2,794,140944
2,795,140915
2,796,140824
2,797,140893
2,798,140892
2,799,140884
2,800,140938
2,801,140983
2,802,141027
2,803,141049
2,804,141051
2,805,141026
2,806,141145
2,807,140988
2,808,140893
2,809,140969
2,810,140804
2,811,140651
2,812,140730
2,813,140739
2,814,140838
2,815,140813
2,816,140908
2,817,141053
2,818,141059
2,819,141156
2,820,141054
2,821,140997
2,822,140948
2,823,140928
2,824,141027
2,825,140809
2,826,140832
2,827,140701
2,828,140762
2,829,140749
2,830,140834
2,831,140762
2,832,140756
2,833,140845
2,834,140714
2,835,140634
2,836,140589
2,837,140542
2,838,140392
2,839,140404
2,840,140532
2,841,140499
2,842,140426
2,843,140580
2,844,140499
2,845,140430
2,846,140423
2,847,140392
2,848,140524
2,849,140505
2,850,140562
2,851,140637
2,852,140675
2,853,140658
2,854,140921
2,855,140950
2,856,140958
2,857,141045
2,858,141106
2,859,141137
2,860,141279
2,861,141337
2,862,141401
2,863,141229
2,864,141029
2,865,141104
2,866,141033
2,867,141073
2,868,141064
2,869,140927
2,870,141002
2,871,141063
2,872,140960
2,873,141022
2,874,140939
2,875,140923
2,876,141163
2,877,141084
2,878,141090
2,879,141091
2,880,141006
2,881,140978
2,882,141059
2,883,140967
2,884,141100
2,885,140986
2,886,140899
2,887,140867
2,888,140797
2,889,140663
2,890,140652
2,891,140448
2,892,140431
2,893,140369
2,894,140305
2,895,140443
2,896,140269
2,897,140289
2,898,140300
2,899,140201
2,900,140161
2,901,140286
2,902,140260
2,903,140277
2,904,140329
2,905,140305
2,906,140311
2,907,140256
2,908,140093
2,909,140023
2,910,140090
2,911,140019
2,912,140108
2,913,139976
2,914,140116
2,915,140021
2,916,140042
2,917,140006
2,918,140053
2,919,139947
2,920,140012
2,921,140033
2,922,140041
2,923,139986
2,924,140053
2,925,140110
2,926,140209
2,927,140278
2,928,140348
2,929,140385
2,930,140403
2,931,140455
2,932,140493
2,933,140362
2,934,140246
2,935,140184
2,936,140161
2,937,140180
2,938,139988
2,939,139990
2,940,139893
2,941,139745
2,942,139819
2,943,139726
2,944,139709
2,945,139665
2,946,139677
2,947,139748
2,948,139878
2,949,139835
2,950,139620
2,951,139576
2,952,139560
2,953,139555
2,954,139721
2,955,139846
2,956,139974
2,957,139853
2,958,139851
2,959,139872
2,960,139976
2,961,139952
2,962,139914
2,963,139896
2,964,139896
2,965,139897
2,966,139953
2,967,140033
2,968,139921
2,969,139989
2,970,140156
2,971,140112
2,972,140227
2,973,140368
2,974,140519
2,975,140559
2,976,140501
2,977,140575
2,978,140494
2,979,140601
2,980,140580
2,981,140738
2,982,140827
2,983,140936
2,984,140919
2,985,140971
2,986,140988
2,987,140851
2,988,140750
2,989,140791
2,990,140738
2,991,140748
2,992,140681
2,993,140810
2,994,140792
2,995,140818
2,996,140963
2,997,140972
2,998,140876
2,999,140812
2,1000,140939
3,0,165164
3,1,108426
3,2,102796
3,3,98623
3,4,95559
3,5,93334
3,6,91863
3,7,90916
3,8,90459
3,9,90394
3,10,90890
3,11,91630
3,12,92518
3,13,93669
3,14,95155
3,15,96781
3,16,98487
3,17,100340
3,18,102179
3,19,104246
3,20,106270
3,21,105228
3,22,105853
3,23,106662
3,24,107311
3,25,108251
3,26,109307
3,27,110305
3,28,111204
3,29,112094
3,30,112871
3,31,113874
3,32,114983
3,33,116052
3,34,117102
3,35,118100
3,36,119123
3,37,119946
3,38,120787
3,39,121553
3,40,122338
3,41,123118
3,42,123760
3,43,124457
3,44,125118
3,45,125782
3,46,126328
3,47,126991
3,48,127659
3,49,128185
3,50,128668
3,51,129193
3,52,129670
3,53,130127
3,54,130402
3,55,130770
3,56,131092
3,57,131495
3,58,131768
3,59,131980
3,60,132152
3,61,132268
3,62,132505
3,63,132803
3,64,133121
3,65,133389
3,66,133662
3,67,133879
3,68,134152
3,69,134236
3,70,134465
3,71,134578
3,72,134643
3,73,134817
3,74,135087
3,75,135187
3,76,135295
3,77,135363
3,78,135574
3,79,135831
3,80,136074
3,81,136315
3,82,136431
3,83,136500
3,84,136526
3,85,136732
3,86,136889
3,87,137005
3,88,137032
3,89,137064
3,90,137132
3,91,137196
3,92,137265
3,93,137240
3,94,137426
3,95,137440
3,96,137294
3,97,137321
3,98,137547
3,99,137587
3,100,137631
3,101,137595
3,102,137522
3,103,137677
3,104,137827
3,105,137920
3,106,138039
3,107,138021
3,108,138113
3,109,138064
3,110,138110
3,111,138229
3,112,138261
3,113,138353
3,114,138284
3,115,138343
3,116,138509
3,117,138622
3,118,138599
3,119,138754
3,120,138731
3,121,138693
3,122,138743
3,123,138924
3,124,138848
3,125,138883
3,126,138793
3,127,138994
3,128,138926
3,129,138918
3,130,138942
3,131,138893
3,132,138933
3,133,139183
3,134,139237
3,135,139265
3,136,139334
3,137,139269
3,138,139337
3,139,139239
3,140,139354
3,141,139325
3,142,139318
3,143,139444
3,144,139595
3,145,139586
3,146,139447
3,147,139445
3,148,139460
3,149,139384
3,150,139410
3,151,139514
3,152,139556
3,153,139525
3,154,139642
3,155,139467
3,156,139417
3,157,139325
3,158,139391
3,159,139406
3,160,139282
3,161,139352
3,162,139491
3,163,139686
3,164,139791
3,165,139742
3,166,139765
3,167,139920
3,168,139756
3,169,139744
3,170,139675
3,171,139666
3,172,139749
3,173,139743
3,174,139744
3,175,139876
3,176,139846
3,177,139844
3,178,139612
3,179,139522
3,180,139481
3,181,139319
3,182,139236
3,183,139237
3,184,139313
3,185,139206
3,186,139293
3,187,139339
3,188,139508
3,189,139353
3,190,139272
3,191,139392
3,192,139374
3,193,139341
3,194,139340
3,195,139413
3,196,139493
3,197,139608
3,198,139578
3,199,139638
3,200,139498
3,201,139515
3,202,139552
3,203,139565
3,204,139516
3,205,139489
3,206,139409
3,207,139486
3,208,139489
3,209,139456
3,210,139506
3,211,139505
3,212,139562
3,213,139656
3,214,139794
3,215,139785
3,216,139719
3,217,139737
3,218,139643
3,219,139683
3,220,139698
3,221,139702
3,222,139790
3,223,139858
3,224,140029
3,225,140292
3,226,140498
3,227,140515
3,228,140721
3,229,140682
3,230,140678
3,231,140653
3,232,140629
3,233,140473
3,234,140516
3,235,140554
3,236,140569
3,237,140664
3,238,140697
3,239,140654
3,240,140609
3,241,140550
3,242,140427
3,243,140435
3,244,140646
3,245,140664
3,246,140706
3,247,140785
3,248,140897
3,249,140764
3,250,140678
3,251,140613
3,252,140698
3,253,140811
3,254,140776
3,255,140722
3,256,140590
3,257,140591
3,258,140664
3,259,140584
3,260,140733
3,261,140693
3,262,140692
3,263,140655
3,264,140548
3,265,140411
3,266,140426
3,267,140364
3,268,140360
3,269,140388
3,270,140288
3,271,140357
3,272,140324
3,273,140304
3,274,140331
3,275,140357
3,276,140362
3,277,140381
3,278,140392
3,279,140251
3,280,140075
3,281,140253
3,282,140268
3,283,140417
3,284,140536
3,285,140362
3,286,140403
3,287,140454
3,288,140419
3,289,140495
3,290,140733
3,291,140663
3,292,140797
3,293,140759
3,294,140774
3,295,140732
3,296,140874
3,297,140897
3,298,140859
3,299,140845
3,300,140920
3,301,140956
3,302,140769
3,303,140711
3,304,140770
3,305,140736
3,306,140726
3,307,140826
3,308,140843
3,309,140779
3,310,140710
3,311,140584
3,312,140538
3,313,140494
3,314,140338
3,315,140330
3,316,140231
3,317,140415
3,318,140523
3,319,140440
3,320,140429
3,321,140283
3,322,140277
3,323,140315
3,324,140196
3,325,140276
3,326,140162
3,327,140001
3,328,139982
3,329,139977
3,330,140039
3,331,140118
3,332,140137
3,333,140160
3,334,140309
3,335,140430
3,336,140329
3,337,140249
3,338,140059
3,339,140196
3,340,140171
3,341,140079
3,342,140159
3,343,140182
3,344,140218
3,345,140254
3,346,140394
3,347,140555
3,348,140684
3,349,140782
3,350,140750
3,351,140751
3,352,140757
3,353,140882
3,354,140987
3,355,140906
3,356,141052
3,357,141003
3,358,140850
3,359,140659
3,360,140548
3,361,140634
3,362,140678
3,363,140674
3,364,140634
3,365,140489
3,366,140529
3,367,140586
3,368,140665
3,369,140780
3,370,140636
3,371,140612
3,372,140510
3,373,140510
3,374,140378
3,375,140565
3,376,140624
3,377,140641
3,378,140699
3,379,140614
3,380,140550
3,381,140544
3,382,140509
3,383,140411
3,384,140257
3,385,140306
3,386,140468
3,387,140493
3,388,140421
3,389,140434
3,390,140549
3,391,140641
3,392,140630
3,393,140548
3,394,140550
3,395,140581
3,396,140543
3,397,140685
3,398,140790
3,399,140864
3,400,140940
3,401,140976
3,402,140988
3,403,141009
3,404,141021
3,405,141036
3,406,141017
3,407,140978
3,408,140911
3,409,140925
3,410,140731
3,411,140758
3,412,140685
3,413,140643
3,414,140623
3,415,140432
3,416,140608
3,417,140622
3,418,140468
3,419,140464
3,420,140607
3,421,140615
3,422,140590
3,423,140722
3,424,140732
3,425,140828
3,426,140883
3,427,140868
3,428,140771
3,429,140783
3,430,140813
3,431,140763
3,432,140868
3,433,140918
3,434,140948
3,435,140897
3,436,140830
3,437,140815
3,438,140766
3,439,140701
3,440,140717
3,441,140604
3,442,140532
3,443,140593
3,444,140574
3,445,140478
3,446,140255
3,447,140203
3,448,140244
3,449,140238
3,450,140342
3,451,140358
3,452,140290
3,453,140183
3,454,140175
3,455,140179
3,456,140078
3,457,140023
3,458,140128
3,459,140185
3,460,139987
3,461,140115
3,462,140029
3,463,140003
3,464,140036
3,465,140178
3,466,140310
3,467,140399
3,468,140266
3,469,140314
3,470,140443
3,471,140374
3,472,140479
3,473,140702
3,474,140636
3,475,140623
3,476,140690
3,477,140573
3,478,140598
3,479,140484
3,480,140665
3,481,140546
3,482,140693
3,483,140703
3,484,140608
3,485,140594
3,486,140557
3,487,140496
3,488,140541
3,489,140531
3,490,140501
3,491,140402
3,492,140407
3,493,140500
3,494,140497
3,495,140559
3,496,140513
3,497,140548
3,498,140549
3,499,140479
3,500,140463
3,501,140529
3,502,140588
3,503,140731
3,504,140756
3,505,140758
3,506,140653
3,507,140598
3,508,140623
3,509,140556
3,510,140439
3,511,140406
3,512,140416
3,513,140438
3,514,140530
3,515,140555
3,516,140521
3,517,140388
3,518,140360
3,519,140461
3,520,140540
3,521,140654
3,522,140590
3,523,140444
3,524,140425
3,525,140316
3,526,140382
3,527,140255
3,528,140226
3,529,140151
3,530,140227
3,531,140140
3,532,140163
3,533,140045
3,534,140021
3,535,140085
3,536,140001
3,537,140048
3,538,139842
3,539,139942
3,540,140112
3,541,139975
3,542,139938
3,543,139988
3,544,139970
3,545,140007
3,546,139957
3,547,140075
3,548,140145
3,549,140204
3,550,140295
3,551,140335
3,552,140273
3,553,140354
3,554,140280
3,555,140407
3,556,140583
3,557,140531
3,558,140746
3,559,140836
3,560,140784
3,561,140611
3,562,140557
3,563,140580
3,564,140552
3,565,140512
3,566,140453
3,567,140488
3,568,140399
3,569,140390
3,570,140312
3,571,140208
3,572,140078
3,573,139979
3,574,139952
3,575,140048
3,576,140097
3,577,140322
3,578,140328
3,579,140330
3,580,140282
3,581,140460
3,582,140420
3,583,140395
3,584,140211
3,585,140344
3,586,140337
3,587,140232
3,588,140235
3,589,140281
3,590,140361
3,591,140366
3,592,140369
3,593,140465
3,594,140455
3,595,140561
3,596,140440
3,597,140305
3,598,140359
3,599,140228
3,600,140205
3,601,140070
3,602,140072
3,603,139966
3,604,139952
3,605,139896
3,606,139920
3,607,140022
3,608,139942
3,609,139936
3,610,139966
3,611,140045
3,612,140115
3,613,140248
3,614,140306
3,615,140241
3,616,140271
3,617,140235
3,618,140189
3,619,140168
3,620,140185
3,621,140286
3,622,140295
3,623,140222
3,624,140159
3,625,140276
3,626,140266
3,627,140284
3,628,140231
3,629,140293
3,630,140310
3,631,140371
3,632,140335
3,633,140287
3,634,140277
3,635,140336
3,636,140184
3,637,140334
3,638,140252
3,639,140333
3,640,140367
3,641,140378
3,642,140357
3,643,140353
3,644,140359
3,645,140289
3,646,140229
3,647,140228
3,648,140145
3,649,140111
3,650,140216
3,651,140269
3,652,140210
3,653,140029
3,654,139970
3,655,139990
3,656,140073
3,657,140073
3,658,140025
3,659,140015
3,660,139916
3,661,140069
3,662,140092
3,663,140042
3,664,140084
3,665,140263
3,666,140309
3,667,140375
3,668,140312
3,669,140508
3,670,140421
3,671,140270
3,672,140365
3,673,140472
3,674,140505
3,675,140651
3,676,140697
3,677,140786
3,678,140874
3,679,140908
3,680,140864
3,681,140889
3,682,140909
3,683,140990
3,684,141025
3,685,141047
3,686,140877
3,687,140952
3,688,140858
3,689,140886
3,690,141020
3,691,141039
3,692,141116
3,693,141127
3,694,140991
3,695,140863
3,696,140829
3,697,140762
3,698,140893
3,699,140920
3,700,140836
3,701,140726
3,702,140675
3,703,140689
3,704,140777
3,705,140894
3,706,141028
3,707,140955
3,708,140837
3,709,140821
3,710,140817
3,711,140851
3,712,140723
3,713,140602
3,714,140742
3,715,140730
3,716,140675
3,717,140561
3,718,140469
3,719,140514
3,720,140482
3,721,140563
3,722,140658
3,723,140486
3,724,140585
3,725,140463
3,726,140481
3,727,140385
3,728,140457
3,729,140460
3,730,140513
3,731,140539
3,732,140463
3,733,140675
3,734,140583
3,735,140549
3,736,140496
3,737,140425
3,738,140418
3,739,140403
3,740,140482
3,741,140467
3,742,140366
3,743,140473
3,744,140383
3,745,140495
3,746,140533
3,747,140763
3,748,140783
3,749,140650
3,750,140839
3,751,140691
3,752,140774
3,753,140754
3,754,140738
3,755,140717
3,756,140783
3,757,140754
3,758,140799
3,759,140792
3,760,140810
3,761,140775
3,762,140802
3,763,140823
3,764,140785
3,765,140658
3,766,140693
3,767,140730
3,768,140761
3,769,140799
3,770,140890
3,771,140865
3,772,140843
3,773,140791
3,774,140785
3,775,140654
3,776,140647
3,777,140405
3,778,140395
3,779,140473
3,780,140521
3,781,140533
3,782,140533
3,783,140464
3,784,140536
3,785,140484
3,786,140469
3,787,140504
3,788,140520
3,789,140489
3,790,140435
3,791,140402
3,792,140473
3,793,140441
3,794,140547
3,795,140549
3,796,140677
3,797,140626
3,798,140626
3,799,140638
3,800,140650
3,801,140740
3,802,140775
3,803,140923
3,804,140845
3,805,140761
3,806,140677
3,807,140506
3,808,140493
3,809,140642
3,810,140587
3,811,140670
3,812,140661
3,813,140514
3,814,140383
3,815,140506
3,816,140575
3,817,140460
3,818,140448
3,819,140555
3,820,140710
3,821,140690
3,822,140709
3,823,140670
3,824,140708
3,825,140633
3,826,140790
3,827,140825
3,828,140913
3,829,140876
3,830,140796
3,831,140812
3,832,140864
3,833,140947
3,834,140870
3,835,140799
3,836,140912
3,837,140858
3,838,140642
3,839,140597
3,840,140594
3,841,140584
3,842,140702
3,843,140688
3,844,140770
3,845,140713
3,846,140856
3,847,140962
3,848,140817
3,849,140901
3,850,140905
3,851,140994
3,852,141083
3,853,141083
3,854,140893
3,855,140881
3,856,140813
3,857,140617
3,858,140651
3,859,140537
3,860,140465
3,861,140489
3,862,140520
3,863,140525
3,864,140525
3,865,140553
3,866,140409
3,867,140268
3,868,140225
3,869,140192
3,870,140216
3,871,140234
3,872,140083
3,873,140122
3,874,140288
3,875,140360
3,876,140419
3,877,140430
3,878,140505
3,879,140487
3,880,140518
3,881,140588
3,882,140691
3,883,140758
3,884,140817
3,885,140692
3,886,140755
3,887,140814
3,888,140936
3,889,140859
3,890,140869
3,891,140849
3,892,140781
3,893,140654
3,894,140603
3,895,140638
3,896,140685
3,897,140615
3,898,140508
3,899,140568
3,900,140737
3,901,140736
3,902,140868
3,903,140716
3,904,140577
3,905,140597
3,906,140697
3,907,140596
3,908,140703
3,909,140696
3,910,140709
3,911,140735
3,912,140766
3,913,140836
3,914,140884
3,915,140871
3,916,140969
3,917,141057
3,918,141037
3,919,141083
3,920,141118
3,921,141231
3,922,141226
3,923,141199
3,924,141196
3,925,141232
3,926,141140
3,927,141196
3,928,141260
3,929,141261
3,930,141218
3,931,141199
3,932,141056
3,933,141036
3,934,141076
3,935,140981
3,936,140973
3,937,141008
3,938,140977
3,939,140933
3,940,140800
3,941,140807
3,942,140930
3,943,140661
3,944,140565
3,945,140587
3,946,140605
3,947,140560
3,948,140503
3,949,140576
3,950,140629
3,951,140371
3,952,140368
3,953,140379
3,954,140291
3,955,140176
3,956,140233
3,957,140166
3,958,140181
3,959,140130
3,960,140133
3,961,140149
3,962,140189
3,963,140361
3,964,140397
3,965,140288
3,966,140275
3,967,140308
3,968,140210
3,969,140156
3,970,140063
3,971,140025
3,972,139938
3,973,140008
3,974,139850
3,975,139989
3,976,139891
3,977,139833
3,978,139860
3,979,139914
3,980,139883
3,981,140132
3,982,140184
3,983,140175
3,984,140298
3,985,140206
3,986,140328
3,987,140412
3,988,140346
3,989,140425
3,990,140565
3,991,140653
3,992,140552
3,993,140514
3,994,140510
3,995,140604
3,996,140589
3,997,140580
3,998,140559
3,999,140757
3,1000,140595
4,0,164019
4,1,107881
4,2,102462
4,3,98308
4,4,95209
4,5,93098
4,6,91571
4,7,90782
4,8,90307
4,9,90320
4,10,90628
4,11,91590
4,12,92671
4,13,93779
4,14,95156
4,15,96832
4,16,98599
4,17,100468
4,18,102367
4,19,104486
4,20,106449
4,21,105384
4,22,106128
4,23,106932
4,24,107860
4,25,108678
4,26,109609
4,27,110509
4,28,111505
4,29,112477
4,30,113525
4,31,114414
4,32,115387
4,33,116511
4,34,117628
4,35,118587
4,36,119667
4,37,120580
4,38,121446
4,39,122116
4,40,122849
4,41,123494
4,42,124259
4,43,125041
4,44,125812
4,45,126465
4,46,127014
4,47,127655
4,48,128158
4,49,128594
4,50,129040
4,51,129563
4,52,129976
4,53,130126
4,54,130488
4,55,130763
4,56,131116
4,57,131489
4,58,131648
4,59,132011
4,60,132228
4,61,132393
4,62,132577
4,63,132905
4,64,133092
4,65,133356
4,66,133500
4,67,133786
4,68,133931
4,69,134089
4,70,134347
4,71,134499
4,72,134700
4,73,134680
4,74,134962
4,75,135165
4,76,135221
4,77,135365
4,78,135556
4,79,135691
4,80,135768
4,81,135810
4,82,135912
4,83,136015
4,84,136064
4,85,136233
4,86,136285
4,87,136446
4,88,136603
4,89,136513
4,90,136642
4,91,136843
4,92,137067
4,93,137267
4,94,137283
4,95,137352
4,96,137449
4,97,137500
4,98,137738
4,99,137800
4,100,137725
4,101,137718
4,102,137852
4,103,137805
4,104,137873
4,105,137931
4,106,137972
4,107,137967
4,108,137915
4,109,137954
4,110,137950
4,111,137929
4,112,137974
4,113,137959
4,114,138071
4,115,138102
4,116,138268
4,117,138351
4,118,138400
4,119,138472
4,120,138478
4,121,138531
4,122,138636
4,123,138791
4,124,138820
4,125,138756
4,126,138782
4,127,138837
4,128,138770
4,129,138764
4,130,138750
4,131,138897
4,132,138908
4,133,138964
4,134,138903
4,135,138988
4,136,139007
4,137,139139
4,138,139214
4,139,139428
4,140,139530
4,141,139488
4,142,139445
4,143,139560
4,144,139591
4,145,139628
4,146,139778
4,147,139709
4,148,139733
4,149,139845
4,150,139658
4,151,139789
4,152,139751
4,153,139521
4,154,139539
4,155,139574
4,156,139637
4,157,139609
4,158,139555
4,159,139490
4,160,139619
4,161,139723
4,162,139791
4,163,139725
4,164,139650
4,165,139558
4,166,139536
4,167,139539
4,168,139585
4,169,139542
4,170,139535
4,171,139705
4,172,139693
4,173,139696
4,174,139630
4,175,139523
4,176,139590
4,177,139655
4,178,139672
4,179,139636
4,180,139493
4,181,139414
4,182,139392
4,183,139451
4,184,139366
4,185,139494
4,186,139580
4,187,139686
4,188,139548
4,189,139594
4,190,139570
4,191,139507
4,192,139527
4,193,139702
4,194,139791
4,195,139693
4,196,139665
4,197,139768
4,198,139783
4,199,139887
4,200,139905
4,201,139809
4,202,139793
4,203,139765
4,204,139821
4,205,139640
4,206,139837
4,207,139927
4,208,139936
4,209,139796
4,210,139756
4,211,139708
4,212,139706
4,213,139813
4,214,139869
4,215,139936
4,216,139953
4,217,139994
4,218,139909
4,219,139968
4,220,139893
4,221,139837
4,222,139928
4,223,140088
4,224,140121
4,225,140268
4,226,140212
4,227,140261
4,228,140286
4,229,140216
4,230,140178
4,231,140182
4,232,140298
4,233,140406
4,234,140366
4,235,140348
4,236,140314
4,237,140268
4,238,140299
4,239,140338
4,240,140368
4,241,140390
4,242,140463
4,243,140422
4,244,140541
4,245,140547
4,246,140450
4,247,140572
4,248,140576
4,249,140575
4,250,140516
4,251,140628
4,252,140702
4,253,140679
4,254,140761
4,255,140714
4,256,140741
4,257,140876
4,258,140991
4,259,140910
4,260,140880
4,261,140830
4,262,140744
4,263,140847
4,264,140752
4,265,140720
4,266,140809
4,267,140742
4,268,140929
4,269,141089
4,270,141104
4,271,141130
4,272,141194
4,273,141145
4,274,141084
4,275,141107
4,276,141036
4,277,141101
4,278,141145
4,279,141278
4,280,141198
4,281,141207
4,282,141232
4,283,141204
4,284,141227
4,285,141083
4,286,140925
4,287,140812
4,288,140649
4,289,140625
4,290,140719
4,291,140780
4,292,140837
4,293,140665
4,294,140635
4,295,140489
4,296,140446
4,297,140423
4,298,140387
4,299,140343
4,300,140350
4,301,140314
4,302,140315
4,303,140298
4,304,140237
4,305,140262
4,306,140060
4,307,140144
4,308,140120
4,309,140037
4,310,139923
4,311,139854
4,312,139743
4,313,139963
4,314,139960
4,315,140018
4,316,140076
4,317,140062
4,318,140136
4,319,140205
4,320,140199
4,321,140194
4,322,140286
4,323,140105
4,324,140189
4,325,140243
4,326,140227
4,327,140373
4,328,140424
4,329,140455
4,330,140530
4,331,140560
4,332,140651
4,333,140548
4,334,140659
4,335,140654
4,336,140703
4,337,140543
4,338,140506
4,339,140554
4,340,140566
4,341,140528
4,342,140536
4,343,140609
4,344,140521
4,345,140425
4,346,140474
4,347,140422
4,348,140436
4,349,140359
4,350,140224
4,351,140227
4,352,140341
4,353,140367
4,354,140274
4,355,140177
4,356,140221
4,357,140370
4,358,140371
4,359,140283
4,360,140194
4,361,140064
4,362,140107
4,363,140038
4,364,140004
4,365,139916
4,366,139976
4,367,139928
4,368,139964
4,369,139877
4,370,139759
4,371,139646
4,372,139606
4,373,139608
4,374,139857
4,375,140085
4,376,140149
4,377,140090
4,378,140079
4,379,140097
4,380,140091
4,381,140142
4,382,140308
4,383,140451
4,384,140449
4,385,140458
4,386,140708
4,387,140645
4,388,140599
4,389,140689
4,390,140895
4,391,140779
4,392,140690
4,393,140734
4,394,140684
4,395,140687
4,396,140678
4,397,140657
4,398,140578
4,399,140582
4,400,140658
4,401,140721
4,402,140706
4,403,140713
4,404,140594
4,405,140545
4,406,140528
4,407,140733
4,408,140799
4,409,140725
4,410,140561
4,411,140641
4,412,140669
4,413,140604
4,414,140529
4,415,140498
4,416,140521
4,417,140468
4,418,140499
4,419,140458
4,420,140383
4,421,140491
4,422,140520
4,423,140556
4,424,140579
4,425,140434
4,426,140335
4,427,140433
4,428,140197
4,429,140305
4,430,140319
4,431,140411
4,432,140449
4,433,140488
4,434,140611
4,435,140541
4,436,140565
4,437,140634
4,438,140633
4,439,140671
4,440,140709
4,441,140646
4,442,140609
4,443,140607
4,444,140570
4,445,140510
4,446,140610
4,447,140618
4,448,140882
4,449,140773
4,450,140762
4,451,140604
4,452,140544
4,453,140376
4,454,140345
4,455,140203
4,456,140161
4,457,140042
4,458,139944
4,459,140079
4,460,140201
4,461,140276
4,462,140213
4,463,140235
4,464,140080
4,465,139817
4,466,139822
4,467,139842
4,468,139842
4,469,139751
4,470,139711
4,471,139733
4,472,139819
4,473,139860
4,474,139787
4,475,139999
4,476,139956
4,477,139875
4,478,139887
4,479,139823
4,480,139961
4,481,140011
4,482,140039
4,483,140051
4,484,140060
4,485,140069
4,486,140090
4,487,140108
4,488,140112
4,489,140163
4,490,140127
4,491,140024
4,492,139917
4,493,140070
4,494,140231
4,495,140361
4,496,140503
4,497,140594
4,498,140567
4,499,140507
4,500,140516
4,501,140464
4,502,140375
4,503,140332
4,504,140302
4,505,140319
4,506,140377
4,507,140392
4,508,140486
4,509,140464
4,510,140650
4,511,140747
4,512,140679
4,513,140662
4,514,140732
4,515,140708
4,516,140708
4,517,140632
4,518,140582
4,519,140527
4,520,140576
4,521,140627
4,522,140693
4,523,140790
4,524,140886
4,525,141053
4,526,140985
4,527,140976
4,528,141106
4,529,140887
4,530,140834
4,531,140879
4,532,140885
4,533,140954
4,534,140908
4,535,140707
4,536,140754
4,537,140739
4,538,140814
4,539,140842
4,540,140740
4,541,140681
4,542,140646
4,543,140649
4,544,140748
4,545,140747
4,546,140858
4,547,140652
4,548,140549
4,549,140476
4,550,140642
4,551,140705
4,552,140722
4,553,140656
4,554,140617
4,555,140690
4,556,140860
4,557,140792
4,558,140675
4,559,140597
4,560,140571
4,561,140494
4,562,140592
4,563,140673
4,564,140562
4,565,140600
4,566,140762
4,567,140690
4,568,140606
4,569,140602
4,570,140545
4,571,140471
4,572,140327
4,573,140144
4,574,140259
4,575,140292
4,576,140245
4,577,140265
4,578,140328
4,579,140355
4,580,140362
4,581,140364
4,582,140319
4,583,140294
4,584,140368
4,585,140239
4,586,140104
4,587,139919
4,588,139876
4,589,139959
4,590,139925
4,591,139948
4,592,139871
4,593,139640
4,594,139687
4,595,139659
4,596,139694
4,597,139715
4,598,139561
4,599,139646
4,600,139668
4,601,139743
4,602,139876
4,603,139955
4,604,139926
4,605,140023
4,606,140013
4,607,140083
4,608,140202
4,609,140235
4,610,140321
4,611,140325
4,612,140280
4,613,140435
4,614,140419
4,615,140533
4,616,140515
4,617,140671
4,618,140812
4,619,140920
4,620,140939
4,621,140828
4,622,140673
4,623,140551
4,624,140685
4,625,140589
4,626,140617
4,627,140668
4,628,140627
4,629,140634
4,630,140711
4,631,140835
4,632,140709
4,633,140592
4,634,140597
4,635,140477
4,636,140593
4,637,140554
4,638,140513
4,639,140503
4,640,140509
4,641,140578
4,642,140514
4,643,140609
4,644,140583
4,645,140530
4,646,140512
4,647,140403
4,648,140400
4,649,140380
4,650,140377
4,651,140192
4,652,140381
4,653,140304
4,654,140433
4,655,140431
4,656,140473
4,657,140543
4,658,140532
4,659,140539
4,660,140529
4,661,140501
4,662,140550
4,663,140558
4,664,140589
4,665,140652
4,666,140637
4,667,140766
4,668,140829
4,669,140878
4,670,140938
4,671,140957
4,672,140974
4,673,140937
4,674,140958
4,675,140977
4,676,140787
4,677,140769
4,678,140859
4,679,140924
4,680,140847
4,681,140959
4,682,140877
4,683,140908
4,684,140957
4,685,141002
4,686,140938
4,687,141126
4,688,140907
4,689,140842
4,690,140762
4,691,140709
4,692,140739
4,693,140718
4,694,140650
4,695,140754
4,696,140650
4,697,140578
4,698,140651
4,699,140648
4,700,140601
4,701,140551
4,702,140619
4,703,140527
4,704,140656
4,705,140608
4,706,140529
4,707,140575
4,708,140788
4,709,140781
4,710,140651
4,711,140587
4,712,140631
4,713,140562
4,714,140403
4,715,140376
4,716,140370
4,717,140329
4,718,140332
4,719,140209
4,720,140204
4,721,140293
4,722,140403
4,723,140296
4,724,140375
4,725,140377
4,726,140425
4,727,140385
4,728,140499
4,729,140546
4,730,140513
4,731,140553
4,732,140411
4,733,140369
4,734,140354
4,735,140360
4,736,140414
4,737,140365
4,738,140344
4,739,140285
4,740,140310
4,741,140293
4,742,140347
4,743,140278
4,744,140306
4,745,140272
4,746,140329
4,747,140514
4,748,140511
4,749,140484
4,750,140526
4,751,140514
4,752,140512
4,753,140526
4,754,140377
4,755,140337
4,756,140193
4,757,140171
4,758,140154
4,759,140201
4,760,140357
4,761,140251
4,762,140204
4,763,140304
4,764,140154
4,765,140057
4,766,140158
4,767,140121
4,768,140148
4,769,140075
4,770,140175
4,771,140248
4,772,140207
4,773,140208
4,774,140182
4,775,140016
4,776,140002
4,777,140090
4,778,140081
4,779,140013
4,780,140134
4,781,140075
4,782,140094
4,783,140099
4,784,140224
4,785,140233
4,786,140355
4,787,140431
4,788,140365
4,789,140477
4,790,140501
4,791,140514
4,792,140506
4,793,140471
4,794,140585
4,795,140617
4,796,140848
4,797,140977
4,798,141057
4,799,141032
4,800,141052
4,801,141027
4,802,140968
4,803,141028
4,804,141126
4,805,141076
4,806,140998
4,807,141020
4,808,140958
4,809,141095
4,810,141024
4,811,141013
4,812,140861
4,813,140629
4,814,140544
4,815,140603
4,816,140541
4,817,140432
4,818,140527
4,819,140524
4,820,140416
4,821,140461
4,822,140573
4,823,140674
4,824,140580
4,825,140382
4,826,140220
4,827,140084
4,828,140071
4,829,139978
4,830,139901
4,831,139890
4,832,139948
4,833,140128
4,834,140065
4,835,139939
4,836,139817
4,837,139682
4,838,139804
4,839,140066
4,840,140173
4,841,140174
4,842,140207
4,843,140184
4,844,140170
4,845,140221
4,846,140244
4,847,140257
4,848,140233
4,849,140360
4,850,140388
4,851,140474
4,852,140415
4,853,140293
4,854,140262
4,855,140302
4,856,140345
4,857,140391
4,858,140495
4,859,140463
4,860,140549
4,861,140313
4,862,140333
4,863,140340
4,864,140350
4,865,140439
4,866,140481
4,867,140468
4,868,140455
4,869,140369
4,870,140420
4,871,140561
4,872,140538
4,873,140612
4,874,140628
4,875,140529
4,876,140653
4,877,140526
4,878,140608
4,879,140480
4,880,140427
4,881,140431
4,882,140413
4,883,140367
4,884,140458
4,885,140483
4,886,140470
4,887,140512
4,888,140460
4,889,140393
4,890,140350
4,891,140404
4,892,140414
4,893,140600
4,894,140564
4,895,140579
4,896,140536
4,897,140506
4,898,140426
4,899,140446
4,900,140455
4,901,140498
4,902,140440
4,903,140371
4,904,140257
4,905,140338
4,906,140467
4,907,140615
4,908,140601
4,909,140553
4,910,140633
4,911,140450
4,912,140479
4,913,140525
4,914,140710
4,915,140762
4,916,140885
4,917,140714
4,918,140773
4,919,140667
4,920,140585
4,921,140442
4,922,140465
4,923,140485
4,924,140618
4,925,140498
4,926,140417
4,927,140552
4,928,140495
4,929,140451
4,930,140463
4,931,140541
4,932,140473
4,933,140490
4,934,140526
4,935,140412
4,936,140566
4,937,140472
4,938,140463
4,939,140504
4,940,140694
4,941,140723
4,942,140754
4,943,140727
4,944,140631
4,945,140610
4,946,140786
4,947,140849
4,948,140948
4,949,141030
4,950,140944
4,951,140963
4,952,140835
4,953,140929
4,954,140878
4,955,140941
4,956,140962
4,957,140927
4,958,140860
4,959,141040
4,960,140969
4,961,140883
4,962,140946
4,963,140963
4,964,141071
4,965,141212
4,966,141074
4,967,141070
4,968,141061
4,969,140954
4,970,141029
4,971,140934
4,972,140896
4,973,140841
4,974,140843
4,975,140769
4,976,140800
4,977,140711
4,978,140761
4,979,140613
4,980,140575
4,981,140695
4,982,140736
4,983,140621
4,984,140665
4,985,140615
4,986,140734
4,987,140902
4,988,140873
4,989,140935
4,990,141036
4,991,141043
4,992,140932
4,993,140949
4,994,141000
4,995,140968
4,996,140852
4,997,140748
4,998,140670
4,999,140744
4,1000,140691
5,0,165164
5,1,108426
5,2,102796
5,3,98623
5,4,95559
5,5,93334
5,6,91863
5,7,90916
5,8,90459
5,9,90394
5,10,90890
5,11,91630
5,12,92518
5,13,93669
5,14,95155
5,15,96781
5,16,98487
5,17,100340
5,18,102179
5,19,104246
5,20,106270
5,21,105228
5,22,105853
5,23,106662
5,24,107311
5,25,108251
5,26,109307
5,27,110305
5,28,111204
5,29,112094
5,30,112871
5,31,113874
5,32,114983
5,33,116052
5,34,117102
5,35,118100
5,36,119123
5,37,119946
5,38,120787
5,39,121553
5,40,122338
5,41,123118
5,42,123760
5,43,124457
5,44,125118
5,45,125782
5,46,126328
5,47,126991
5,48,127659
5,49,128185
5,50,128668
5,51,129193
5,52,129670
5,53,130127
5,54,130402
5,55,130770
5,56,131092
5,57,131495
5,58,131768
5,59,131980
5,60,132152
5,61,132268
5,62,132505
5,63,132803
5,64,133121
5,65,133389
5,66,133662
5,67,133879
5,68,134152
5,69,134236
5,70,134465
5,71,134578
5,72,134643
5,73,134817
5,74,135087
5,75,135187
5,76,135295
5,77,135363
5,78,135574
5,79,135831
5,80,136074
5,81,136315
5,82,136431
5,83,136500
5,84,136526
5,85,136732
5,86,136889
5,87,137005
5,88,137032
5,89,137064
5,90,137132
5,91,137196
5,92,137265
5,93,137240
5,94,137426
5,95,137440
5,96,137294
5,97,137321
5,98,137547
5,99,137587
5,100,137631
5,101,137595
5,102,137522
5,103,137677
5,104,137827
5,105,137920
5,106,138039
5,107,138021
5,108,138113
5,109,138064
5,110,138110
5,111,138229
5,112,138261
5,113,138353
5,114,138284
5,115,138343
5,116,138509
5,117,138622
5,118,138599
5,119,138754
5,120,138731
5,121,138693
5,122,138743
5,123,138924
5,124,138848
5,125,138883
5,126,138793
5,127,138994
5,128,138926
5,129,138918
5,130,138942
5,131,138893
5,132,138933
5,133,139183
5,134,139237
5,135,139265
5,136,139334
5,137,139269
5,138,139337
5,139,139239
5,140,139354
5,141,139325
5,142,139318
5,143,139444
5,144,139595
5,145,139586
5,146,139447
5,147,139445
5,148,139460
5,149,139384
5,150,139410
5,151,139514
5,152,139556
5,153,139525
5,154,139642
5,155,139467
5,156,139417
5,157,139325
5,158,139391
5,159,139406
5,160,139282
5,161,139352
5,162,139491
5,163,139686
5,164,139791
5,165,139742
5,166,139765
5,167,139920
5,168,139756
5,169,139744
5,170,139675
5,171,139666
5,172,139749
5,173,139743
5,174,139744
5,175,139876
5,176,139846
5,177,139844
5,178,139612
5,179,139522
5,180,139481
5,181,139319
5,182,139236
5,183,139237
5,184,139313
5,185,139206
5,186,139293
5,187,139339
5,188,139508
5,189,139353
5,190,139272
5,191,139392
5,192,139374
5,193,139341
5,194,139340
5,195,139413
5,196,139493
5,197,139608
5,198,139578
5,199,139638
5,200,139498
5,201,139515
5,202,139552
5,203,139565
5,204,139516
5,205,139489
5,206,139409
5,207,139486
5,208,139489
5,209,139456
5,210,139506
5,211,139505
5,212,139562
5,213,139656
5,214,139794
5,215,139785
5,216,139719
5,217,139737
5,218,139643
5,219,139683
5,220,139698
5,221,139702
5,222,139790
5,223,139858
5,224,140029
5,225,140292
5,226,140498
5,227,140515
5,228,140721
5,229,140682
5,230,140678
5,231,140653
5,232,140629
5,233,140473
5,234,140516
5,235,140554
5,236,140569
5,237,140664
5,238,140697
5,239,140654
5,240,140609
5,241,140550
5,242,140427
5,243,140435
5,244,140646
5,245,140664
5,246,140706
5,247,140785
5,248,140897
5,249,140764
5,250,140678
5,251,140613
5,252,140698
5,253,140811
5,254,140776
5,255,140722
5,256,140590
5,257,140591
5,258,140664
5,259,140584
5,260,140733
5,261,140693
5,262,140692
5,263,140655
5,264,140548
5,265,140411
5,266,140426
5,267,140364
5,268,140360
5,269,140388
5,270,140288
5,271,140357
5,272,140324
5,273,140304
5,274,140331
5,275,140357
5,276,140362
5,277,140381
5,278,140392
5,279,140251
5,280,140075
5,281,140253
5,282,140268
5,283,140417
5,284,140536
5,285,140362
5,286,140403
5,287,140454
5,288,140419
5,289,140495
5,290,140733
5,291,140663
5,292,140797
5,293,140759
5,294,140774
5,295,140732
5,296,140874
5,297,140897
5,298,140859
5,299,140845
5,300,140920
5,301,140956
5,302,140769
5,303,140711
5,304,140770
5,305,140736
5,306,140726
5,307,140826
5,308,140843
5,309,140779
5,310,140710
5,311,140584
5,312,140538
5,313,140494
5,314,140338
5,315,140330
5,316,140231
5,317,140415
5,318,140523
5,319,140440
5,320,140429
5,321,140283
5,322,140277
5,323,140315
5,324,140196
5,325,140276
5,326,140162
5,327,140001
5,328,139982
5,329,139977
5,330,140039
5,331,140118
5,332,140137
5,333,140160
5,334,140309
5,335,140430
5,336,140329
5,337,140249
5,338,140059
5,339,140196
5,340,140171
5,341,140079
5,342,140159
5,343,140182
5,344,140218
5,345,140254
5,346,140394
5,347,140555
5,348,140684
5,349,140782
5,350,140750
5,351,140751
5,352,140757
5,353,140882
5,354,140987
5,355,140906
5,356,141052
5,357,141003
5,358,140850
5,359,140659
5,360,140548
5,361,140634
5,362,140678
5,363,140674
5,364,140634
5,365,140489
5,366,140529
5,367,140586
5,368,140665
5,369,140780
5,370,140636
5,371,140612
5,372,140510
5,373,140510
5,374,140378
5,375,140565
5,376,140624
5,377,140641
5,378,140699
5,379,140614
5,380,140550
5,381,140544
5,382,140509
5,383,140411
5,384,140257
5,385,140306
5,386,140468
5,387,140493
5,388,140421
5,389,140434
5,390,140549
5,391,140641
5,392,140630
5,393,140548
5,394,140550
5,395,140581
5,396,140543
5,397,140685
5,398,140790
5,399,140864
5,400,140940
5,401,140976
5,402,140988
5,403,141009
5,404,141021
5,405,141036
5,406,141017
5,407,140978
5,408,140911
5,409,140925
5,410,140731
5,411,140758
5,412,140685
5,413,140643
5,414,140623
5,415,140432
5,416,140608
5,417,140622
5,418,140468
5,419,140464
5,420,140607
5,421,140615
5,422,140590
5,423,140722
5,424,140732
5,425,140828
5,426,140883
5,427,140868
5,428,140771
5,429,140783
5,430,140813
5,431,140763
5,432,140868
5,433,140918
5,434,140948
5,435,140897
5,436,140830
5,437,140815
5,438,140766
5,439,140701
5,440,140717
5,441,140604
5,442,140532
5,443,140593
5,444,140574
5,445,140478
5,446,140255
5,447,140203
5,448,140244
5,449,140238
5,450,140342
5,451,140358
5,452,140290
5,453,140183
5,454,140175
5,455,140179
5,456,140078
5,457,140023
5,458,140128
5,459,140185
5,460,139987
5,461,140115
5,462,140029
5,463,140003
5,464,140036
5,465,140178
5,466,140310
5,467,140399
5,468,140266
5,469,140314
5,470,140443
5,471,140374
5,472,140479
5,473,140702
5,474,140636
5,475,140623
5,476,140690
5,477,140573
5,478,140598
5,479,140484
5,480,140665
5,481,140546
5,482,140693
5,483,140703
5,484,140608
5,485,140594
5,486,140557
5,487,140496
5,488,140541
5,489,140531
5,490,140501
5,491,140402
5,492,140407
5,493,140500
5,494,140497
5,495,140559
5,496,140513
5,497,140548
5,498,140549
5,499,140479
5,500,140463
5,501,140529
5,502,140588
5,503,140731
5,504,140756
5,505,140758
5,506,140653
5,507,140598
5,508,140623
5,509,140556
5,510,140439
5,511,140406
5,512,140416
5,513,140438
5,514,140530
5,515,140555
5,516,140521
5,517,140388
5,518,140360
5,519,140461
5,520,140540
5,521,140654
5,522,140590
5,523,140444
5,524,140425
5,525,140316
5,526,140382
5,527,140255
5,528,140226
5,529,140151
5,530,140227
5,531,140140
5,532,140163
5,533,140045
5,534,140021
5,535,140085
5,536,140001
5,537,140048
5,538,139842
5,539,139942
5,540,140112
5,541,139975
5,542,139938
5,543,139988
5,544,139970
5,545,140007
5,546,139957
5,547,140075
5,548,140145
5,549,140204
5,550,140295
5,551,140335
5,552,140273
5,553,140354
5,554,140280
5,555,140407
5,556,140583
5,557,140531
5,558,140746
5,559,140836
5,560,140784
5,561,140611
5,562,140557
5,563,140580
5,564,140552
5,565,140512
5,566,140453
5,567,140488
5,568,140399
5,569,140390
5,570,140312
5,571,140208
5,572,140078
5,573,139979
5,574,139952
5,575,140048
5,576,140097
5,577,140322
5,578,140328
5,579,140330
5,580,140282
5,581,140460
5,582,140420
5,583,140395
5,584,140211
5,585,140344
5,586,140337
5,587,140232
5,588,140235
5,589,140281
5,590,140361
5,591,140366
5,592,140369
5,593,140465
5,594,140455
5,595,140561
5,596,140440
5,597,140305
5,598,140359
5,599,140228
5,600,140205
5,601,140070
5,602,140072
5,603,139966
5,604,139952
5,605,139896
5,606,139920
5,607,140022
5,608,139942
5,609,139936
5,610,139966
5,611,140045
5,612,140115
5,613,140248
5,614,140306
5,615,140241
5,616,140271
5,617,140235
5,618,140189
5,619,140168
5,620,140185
5,621,140286
5,622,140295
5,623,140222
5,624,140159
5,625,140276
5,626,140266
5,627,140284
5,628,140231
5,629,140293
5,630,140310
5,631,140371
5,632,140335
5,633,140287
5,634,140277
5,635,140336
5,636,140184
5,637,140334
5,638,140252
5,639,140333
5,640,140367
5,641,140378
5,642,140357
5,643,140353
5,644,140359
5,645,140289
5,646,140229
5,647,140228
5,648,140145
5,649,140111
5,650,140216
5,651,140269
5,652,140210
5,653,140029
5,654,139970
5,655,139990
5,656,140073
5,657,140073
5,658,140025
5,659,140015
5,660,139916
5,661,140069
5,662,140092
5,663,140042
5,664,140084
5,665,140263
5,666,140309
5,667,140375
5,668,140312
5,669,140508
5,670,140421
5,671,140270
5,672,140365
5,673,140472
5,674,140505
5,675,140651
5,676,140697
5,677,140786
5,678,140874
5,679,140908
5,680,140864
5,681,140889
5,682,140909
5,683,140990
5,684,141025
5,685,141047
5,686,140877
5,687,140952
5,688,140858
5,689,140886
5,690,141020
5,691,141039
5,692,141116
5,693,141127
5,694,140991
5,695,140863
5,696,140829
5,697,140762
5,698,140893
5,699,140920
5,700,140836
5,701,140726
5,702,140675
5,703,140689
5,704,140777
5,705,140894
5,706,141028
5,707,140955
5,708,140837
5,709,140821
5,710,140817
5,711,140851
5,712,140723
5,713,140602
5,714,140742
5,715,140730
5,716,140675
5,717,140561
5,718,140469
5,719,140514
5,720,140482
5,721,140563
5,722,140658
5,723,140486
5,724,140585
5,725,140463
5,726,140481
5,727,140385
5,728,140457
5,729,140460
5,730,140513
5,731,140539
5,732,140463
5,733,140675
5,734,140583
5,735,140549
5,736,140496
5,737,140425
5,738,140418
5,739,140403
5,740,140482
5,741,140467
5,742,140366
5,743,140473
5,744,140383
5,745,140495
5,746,140533
5,747,140763
5,748,140783
5,749,140650
5,750,140839
5,751,140691
5,752,140774
5,753,140754
5,754,140738
5,755,140717
5,756,140783
5,757,140754
5,758,140799
5,759,140792
5,760,140810
5,761,140775
5,762,140802
5,763,140823
5,764,140785
5,765,140658
5,766,140693
5,767,140730
5,768,140761
5,769,140799
5,770,140890
5,771,140865
5,772,140843
5,773,140791
5,774,140785
5,775,140654
5,776,140647
5,777,140405
5,778,140395
5,779,140473
5,780,140521
5,781,140533
5,782,140533
5,783,140464
5,784,140536
5,785,140484
5,786,140469
5,787,140504
5,788,140520
5,789,140489
5,790,140435
5,791,140402
5,792,140473
5,793,140441
5,794,140547
5,795,140549
5,796,140677
5,797,140626
5,798,140626
5,799,140638
5,800,140650
5,801,140740
5,802,140775
5,803,140923
5,804,140845
5,805,140761
5,806,140677
5,807,140506
5,808,140493
5,809,140642
5,810,140587
5,811,140670
5,812,140661
5,813,140514
5,814,140383
5,815,140506
5,816,140575
5,817,140460
5,818,140448
5,819,140555
5,820,140710
5,821,140690
5,822,140709
5,823,140670
5,824,140708
5,825,140633
5,826,140790
5,827,140825
5,828,140913
5,829,140876
5,830,140796
5,831,140812
5,832,140864
5,833,140947
5,834,140870
5,835,140799
5,836,140912
5,837,140858
5,838,140642
5,839,140597
5,840,140594
5,841,140584
5,842,140702
5,843,140688
5,844,140770
5,845,140713
5,846,140856
5,847,140962
5,848,140817
5,849,140901
5,850,140905
5,851,140994
5,852,141083
5,853,141083
5,854,140893
5,855,140881
5,856,140813
5,857,140617
5,858,140651
5,859,140537
5,860,140465
5,861,140489
5,862,140520
5,863,140525
5,864,140525
5,865,140553
5,866,140409
5,867,140268
5,868,140225
5,869,140192
5,870,140216
5,871,140234
5,872,140083
5,873,140122
5,874,140288
5,875,140360
5,876,140419
5,877,140430
5,878,140505
5,879,140487
5,880,140518
5,881,140588
5,882,140691
5,883,140758
5,884,140817
5,885,140692
5,886,140755
5,887,140814
5,888,140936
5,889,140859
5,890,140869
5,891,140849
5,892,140781
5,893,140654
5,894,140603
5,895,140638
5,896,140685
5,897,140615
5,898,140508
5,899,140568
5,900,140737
5,901,140736
5,902,140868
5,903,140716
5,904,140577
5,905,140597
5,906,140697
5,907,140596
5,908,140703
5,909,140696
5,910,140709
5,911,140735
5,912,140766
5,913,140836
5,914,140884
5,915,140871
5,916,140969
5,917,141057
5,918,141037
5,919,141083
5,920,141118
5,921,141231
5,922,141226
5,923,141199
5,924,141196
5,925,141232
5,926,141140
5,927,141196
5,928,141260
5,929,141261
5,930,141218
5,931,141199
5,932,141056
5,933,141036
5,934,141076
5,935,140981
5,936,140973
5,937,141008
5,938,140977
5,939,140933
5,940,140800
5,941,140807
5,942,140930
5,943,140661
5,944,140565
5,945,140587
5,946,140605
5,947,140560
5,948,140503
5,949,140576
5,950,140629
5,951,140371
5,952,140368
5,953,140379
5,954,140291
5,955,140176
5,956,140233
5,957,140166
5,958,140181
5,959,140130
5,960,140133
5,961,140149
5,962,140189
5,963,140361
5,964,140397
5,965,140288
5,966,140275
5,967,140308
5,968,140210
5,969,140156
5,970,140063
5,971,140025
5,972,139938
5,973,140008
5,974,139850
5,975,139989
5,976,139891
5,977,139833
5,978,139860
5,979,139914
5,980,139883
5,981,140132
5,982,140184
5,983,140175
5,984,140298
5,985,140206
5,986,140328
5,987,140412
5,988,140346
5,989,140425
5,990,140565
5,991,140653
5,992,140552
5,993,140514
5,994,140510
5,995,140604
5,996,140589
5,997,140580
5,998,140559
5,999,140757
5,1000,140595
6,0,163537
6,1,107426
6,2,101852
6,3,97661
6,4,94496
6,5,92323
6,6,90865
6,7,90067
6,8,89801
6,9,90014
6,10,90504
6,11,91278
6,12,92329
6,13,93670
6,14,94900
6,15,96440
6,16,98222
6,17,99909
6,18,101843
6,19,103977
6,20,105909
6,21,104916
6,22,105659
6,23,106442
6,24,107344
6,25,108267
6,26,109356
6,27,110290
6,28,111266
6,29,112215
6,30,113102
6,31,114212
6,32,115286
6,33,116350
6,34,117466
6,35,118436
6,36,119388
6,37,120408
6,38,121324
6,39,121985
6,40,122945
6,41,123697
6,42,124392
6,43,125050
6,44,125786
6,45,126305
6,46,126898
6,47,127526
6,48,128200
6,49,128619
6,50,129144
6,51,129422
6,52,129733
6,53,130061
6,54,130423
6,55,130813
6,56,131035
6,57,131388
6,58,131780
6,59,132163
6,60,132356
6,61,132714
6,62,132880
6,63,133329
6,64,133459
6,65,133737
6,66,134092
6,67,134242
6,68,134551
6,69,134588
6,70,134870
6,71,134970
6,72,135156
6,73,135338
6,74,135358
6,75,135527
6,76,135762
6,77,135860
6,78,135857
6,79,135979
6,80,136055
6,81,136228
6,82,136524
6,83,136548
6,84,136722
6,85,136883
6,86,137131
6,87,137255
6,88,137278
6,89,137345
6,90,137400
6,91,137430
6,92,137376
6,93,137334
6,94,137517
6,95,137548
6,96,137595
6,97,137586
6,98,137560
6,99,137624
6,100,137586
6,101,137538
6,102,137465
6,103,137462
6,104,137354
6,105,137415
6,106,137545
6,107,137571
6,108,137581
6,109,137646
6,110,137644
6,111,137602
6,112,137629
6,113,137675
6,114,137751
6,115,137746
6,116,137815
6,117,137879
6,118,137826
6,119,137882
6,120,137994
6,121,138047
6,122,138140
6,123,138131
6,124,138389
6,125,138457
6,126,138464
6,127,138243
6,128,138308
6,129,138397
6,130,138408
6,131,138516
6,132,138510
6,133,138577
6,134,138527
6,135,138550
6,136,138628
6,137,138653
6,138,138687
6,139,138788
6,140,138816
6,141,138872
6,142,138789
6,143,138822
6,144,138778
6,145,138832
6,146,138940
6,147,139050
6,148,139145
6,149,139214
6,150,139147
6,151,139213
6,152,139277
6,153,139344
6,154,139399
6,155,139415
6,156,139585
6,157,139493
6,158,139500
6,159,139549
6,160,139540
6,161,139652
6,162,139647
6,163,139721
6,164,139733
6,165,139701
6,166,139811
6,167,139896
6,168,139966
6,169,139906
6,170,139776
6,171,139755
6,172,139771
6,173,139659
6,174,139651
6,175,139635
6,176,139625
6,177,139595
6,178,139551
6,179,139590
6,180,139576
6,181,139474
6,182,139451
6,183,139534
6,184,139406
6,185,139486
6,186,139421
6,187,139452
6,188,139554
6,189,139670
6,190,139700
6,191,139870
6,192,139736
6,193,139898
6,194,139956
6,195,139991
6,196,140037
6,197,140096
6,198,140092
6,199,140073
6,200,140001
6,201,140031
6,202,140205
6,203,140163
6,204,140208
6,205,140154
6,206,140255
6,207,140201
6,208,140265
6,209,140308
6,210,140178
6,211,140376
6,212,140428
6,213,140351
6,214,140397
6,215,140503
6,216,140528
6,217,140461
6,218,140474
6,219,140555
6,220,140603
6,221,140732
6,222,140656
6,223,140786
6,224,140646
6,225,140699
6,226,140654
6,227,140705
6,228,140723
6,229,140789
6,230,140785
6,231,140566
6,232,140654
6,233,140736
6,234,140691
6,235,140500
6,236,140550
6,237,140551
6,238,140539
6,239,140528
6,240,140429
6,241,140446
6,242,140457
6,243,140564
6,244,140601
6,245,140623
6,246,140459
6,247,140448
6,248,140416
6,249,140498
6,250,140384
6,251,140388
6,252,140424
6,253,140491
6,254,140496
6,255,140443
6,256,140392
6,257,140450
6,258,140355
6,259,140225
6,260,140182
6,261,140230
6,262,140128
6,263,140142
6,264,140118
6,265,140273
6,266,140331
6,267,140320
6,268,140203
6,269,140272
6,270,140287
6,271,140228
6,272,140228
6,273,140233
6,274,140264
6,275,140161
6,276,140197
6,277,140280
6,278,140382
6,279,140561
6,280,140566
6,281,140632
6,282,140713
6,283,140739
6,284,140778
6,285,140677
6,286,140733
6,287,140738
6,288,140746
6,289,140734
6,290,140719
6,291,140521
6,292,140558
6,293,140698
6,294,140818
6,295,140931
6,296,140980
6,297,140880
6,298,140862
6,299,140758
6,300,140825
6,301,140858
6,302,140873
6,303,140888
6,304,140924
6,305,140764
6,306,140736
6,307,140779
6,308,140715
6,309,140767
6,310,140927
6,311,140999
6,312,140994
6,313,141053
6,314,140963
6,315,140747
6,316,140596
6,317,140556
6,318,140676
6,319,140704
6,320,140656
6,321,140722
6,322,140675
6,323,140592
6,324,140688
6,325,140683
6,326,140552
6,327,140508
6,328,140571
6,329,140535
6,330,140624
6,331,140402
6,332,140351
6,333,140191
6,334,140179
6,335,140308
6,336,140411
6,337,140451
6,338,140393
6,339,140395
6,340,140383
6,341,140422
6,342,140534
6,343,140479
6,344,140424
6,345,140321
6,346,140361
6,347,140418
6,348,140448
6,349,140491
6,350,140373
6,351,140335
6,352,140259
6,353,140253
6,354,140148
6,355,140109
6,356,140173
6,357,140116
6,358,139989
6,359,140014
6,360,140068
6,361,139909
6,362,139891
6,363,139710
6,364,139629
6,365,139813
6,366,139763
6,367,139828
6,368,139917
6,369,139985
6,370,140010
6,371,139883
6,372,139866
6,373,140009
6,374,139969
6,375,139894
6,376,139902
6,377,139896
6,378,139848
6,379,139806
6,380,139630
6,381,139790
6,382,139743
6,383,139919
6,384,140016
6,385,140015
6,386,140118
6,387,140113
6,388,140045
6,389,140037
6,390,140103
6,391,140178
6,392,140075
6,393,140028
6,394,140147
6,395,140207
6,396,140078
6,397,140016
6,398,140165
6,399,140216
6,400,140408
6,401,140352
6,402,140281
6,403,140238
6,404,140300
6,405,140486
6,406,140413
6,407,140361
6,408,140288
6,409,140230
6,410,140179
6,411,140275
6,412,140271
6,413,140121
6,414,140136
6,415,140148
6,416,140299
6,417,140426
6,418,140362
6,419,140421
6,420,140436
6,421,140436
6,422,140274
6,423,140322
6,424,140325
6,425,140359
6,426,140340
6,427,140448
6,428,140574
6,429,140625
6,430,140569
6,431,140616
6,432,140515
6,433,140488
6,434,140538
6,435,140592
6,436,140619
6,437,140669
6,438,140742
6,439,140841
6,440,140837
6,441,140815
6,442,140826
6,443,140853
6,444,140763
6,445,140784
6,446,140705
6,447,140718
6,448,140758
6,449,140744
6,450,140788
6,451,140812
6,452,140804
6,453,140835
6,454,140843
6,455,140950
6,456,140902
6,457,140885
6,458,140909
6,459,140978
6,460,141036
6,461,140851
6,462,140932
6,463,140738
6,464,140756
6,465,140795
6,466,140796
6,467,140651
6,468,140676
6,469,140642
6,470,140659
6,471,140532
6,472,140543
6,473,140433
6,474,140440
6,475,140533
6,476,140519
6,477,140416
6,478,140377
6,479,140393
6,480,140423
6,481,140448
6,482,140431
6,483,140501
6,484,140583
6,485,140534
6,486,140514
6,487,140429
6,488,140322
6,489,140349
6,490,140285
6,491,140491
6,492,140429
6,493,140513
6,494,140529
6,495,140487
6,496,140485
6,497,140442
6,498,140560
6,499,140509
6,500,140511
6,501,140574
6,502,140622
6,503,140791
6,504,140792
6,505,140897
6,506,141024
6,507,140994
6,508,140991
6,509,140995
6,510,141055
6,511,141038
6,512,141019
6,513,140945
6,514,140861
6,515,140811
6,516,140819
6,517,140934
6,518,140913
6,519,140883
6,520,140768
6,521,140639
6,522,140706
6,523,140705
6,524,140619
6,525,140694
6,526,140508
6,527,140520
6,528,140561
6,529,140670
6,530,140695
6,531,140653
6,532,140672
6,533,140671
6,534,140717
6,535,140690
6,536,140672
6,537,140574
6,538,140601
6,539,140701
6,540,140731
6,541,140834
6,542,140800
6,543,140792
6,544,140836
6,545,140944
6,546,140990
6,547,140774
6,548,140798
6,549,140738
6,550,140629
6,551,140666
6,552,140657
6,553,140566
6,554,140488
6,555,140416
6,556,140443
6,557,140334
6,558,140336
6,559,140257
6,560,140304
6,561,140355
6,562,140384
6,563,140426
6,564,140475
6,565,140624
6,566,140691
6,567,140733
6,568,140713
6,569,140630
6,570,140596
6,571,140640
6,572,140539
6,573,140660
6,574,140665
6,575,140761
6,576,140864
6,577,140958
6,578,140946
6,579,141006
6,580,141075
6,581,141093
6,582,141070
6,583,140902
6,584,140964
6,585,140969
6,586,140958
6,587,140846
6,588,140835
6,589,140676
6,590,140708
6,591,140573
6,592,140685
6,593,140700
6,594,140573
6,595,140701
6,596,140773
6,597,140739
6,598,140728
6,599,140707
6,600,140863
6,601,140830
6,602,140851
6,603,140832
6,604,140781
6,605,140737
6,606,140766
6,607,140838
6,608,140775
6,609,140738
6,610,140762
6,611,140758
6,612,140688
6,613,140669
6,614,140846
6,615,140848
6,616,140923
6,617,140925
6,618,140919
6,619,140891
6,620,140895
6,621,140808
6,622,140785
6,623,140719
6,624,140791
6,625,140792
6,626,140876
6,627,140792
6,628,140683
6,629,140724
6,630,140740
6,631,140732
6,632,140905
6,633,141066
6,634,141015
6,635,141175
6,636,141174
6,637,141213
6,638,141179
6,639,141143
6,640,141256
6,641,141428
6,642,141260
6,643,141058
6,644,141050
6,645,141027
6,646,141004
6,647,141041
6,648,140978
6,649,140974
6,650,140951
6,651,140809
6,652,140892
6,653,140728
6,654,140625
6,655,140492
6,656,140490
6,657,140469
6,658,140598
6,659,140493
6,660,140411
6,661,140387
6,662,140270
6,663,140397
6,664,140201
6,665,140252
6,666,140354
6,667,140395
6,668,140505
6,669,140512
6,670,140731
6,671,140756
6,672,140727
6,673,140601
6,674,140684
6,675,140600
6,676,140601
6,677,140760
6,678,140746
6,679,140862
6,680,140818
6,681,140884
6,682,140780
6,683,140704
6,684,140737
6,685,140691
6,686,140673
6,687,140689
6,688,140599
6,689,140576
6,690,140413
6,691,140346
6,692,140290
6,693,140400
6,694,140343
6,695,140237
6,696,140261
6,697,140522
6,698,140599
6,699,140665
6,700,140567
6,701,140586
6,702,140522
6,703,140523
6,704,140515
6,705,140577
6,706,140692
6,707,140641
6,708,140702
6,709,140708
6,710,140807
6,711,140851
6,712,140923
6,713,140899
6,714,140847
6,715,140872
6,716,140781
6,717,140743
6,718,140762
6,719,140781
6,720,140827
6,721,140777
6,722,140817
6,723,140845
6,724,140920
6,725,140837
6,726,140791
6,727,140865
6,728,140849
6,729,140855
6,730,140694
6,731,140764
6,732,140682
6,733,140551
6,734,140645
6,735,140563
6,736,140555
6,737,140611
6,738,140523
6,739,140523
6,740,140462
6,741,140617
6,742,140634
6,743,140616
6,744,140616
6,745,140490
6,746,140523
6,747,140505
6,748,140607
6,749,140543
6,750,140582
6,751,140486
6,752,140486
6,753,140558
6,754,140449
6,755,140348
6,756,140274
6,757,140227
6,758,140129
6,759,140108
6,760,140137
6,761,140069
6,762,139895
6,763,140001
6,764,139930
6,765,140139
6,766,140044
6,767,139973
6,768,139918
6,769,140083
6,770,140082
6,771,140083
6,772,139946
6,773,139918
6,774,140002
6,775,140031
6,776,140045
6,777,140216
6,778,140245
6,779,140263
6,780,140443
6,781,140522
6,782,140528
6,783,140459
6,784,140464
6,785,140318
6,786,140339
6,787,140412
6,788,140418
6,789,140444
6,790,140402
6,791,140532
6,792,140520
6,793,140404
6,794,140243
6,795,140359
6,796,140347
6,797,140296
6,798,140322
6,799,140348
6,800,140368
6,801,140600
6,802,140460
6,803,140469
6,804,140417
6,805,140419
6,806,140286
6,807,140385
6,808,140352
6,809,140403
6,810,140499
6,811,140514
6,812,140402
6,813,140546
6,814,140653
6,815,140659
6,816,140676
6,817,140738
6,818,140857
6,819,140817
6,820,140701
6,821,140662
6,822,140506
6,823,140587
6,824,140626
6,825,140642
6,826,140655
6,827,140630
6,828,140566
6,829,140561
6,830,140487
6,831,140419
6,832,140485
6,833,140509
6,834,140594
6,835,140623
6,836,140547
6,837,140579
6,838,140611
6,839,140816
6,840,140887
6,841,140854
6,842,140900
6,843,140772
6,844,140690
6,845,140804
6,846,140756
6,847,140995
6,848,140747
6,849,140666
6,850,140506
6,851,140752
6,852,140655
6,853,140580
6,854,140482
6,855,140527
6,856,140620
6,857,140578
6,858,140547
6,859,140712
6,860,140795
6,861,140699
6,862,140660
6,863,140617
6,864,140474
6,865,140377
6,866,140255
6,867,140291
6,868,140206
6,869,140186
6,870,140204
6,871,140351
6,872,140310
6,873,140263
6,874,140449
6,875,140364
6,876,140346
6,877,140368
6,878,140281
6,879,140408
6,880,140328
6,881,140499
6,882,140635
6,883,140610
6,884,140429
6,885,140387
6,886,140304
6,887,140239
6,888,140222
6,889,140266
6,890,140283
6,891,140343
6,892,140311
6,893,140365
6,894,140184
6,895,140302
6,896,140283
6,897,140280
6,898,140334
6,899,140281
6,900,140249
6,901,140213
6,902,140069
6,903,140181
6,904,140277
6,905,140348
6,906,140365
6,907,140405
6,908,140605
6,909,140601
6,910,140759
6,911,140629
6,912,140666
6,913,140709
6,914,140840
6,915,141045
6,916,140960
6,917,140999
6,918,141117
6,919,140972
6,920,141042
6,921,141189
6,922,141093
6,923,141099
6,924,141308
6,925,141253
6,926,141080
6,927,140994
6,928,140910
6,929,140989
6,930,140885
6,931,141002
6,932,140984
6,933,140967
6,934,140892
6,935,140847
6,936,140842
6,937,140751
6,938,140891
6,939,140868
6,940,140760
6,941,140508
6,942,140560
6,943,140628
6,944,140509
6,945,140531
6,946,140566
6,947,140714
6,948,140726
6,949,140630
6,950,140572
6,951,140532
6,952,140466
6,953,140446
6,954,140317
6,955,140320
6,956,140329
6,957,140391
6,958,140196
6,959,140303
6,960,140247
6,961,140338
6,962,140222
6,963,140174
6,964,140142
6,965,140153
6,966,140212
6,967,140279
6,968,140152
6,969,140178
6,970,140219
6,971,140190
6,972,140161
6,973,140186
6,974,140136
6,975,140292
6,976,140376
6,977,140409
6,978,140435
6,979,140490
6,980,140527
6,981,140615
6,982,140645
6,983,140733
6,984,140836
6,985,140821
6,986,140653
6,987,140621
6,988,140678
6,989,140785
6,990,140811
6,991,140690
6,992,140759
6,993,140649
6,994,140671
6,995,140714
6,996,140723
6,997,140778
6,998,140787
6,999,140776
6,1000,140832
