1,2020,109200
1,2021,117519
1,2022,123245
1,2023,129116
1,2024,135364
1,2025,141629
1,2026,148037
1,2027,154422
1,2028,160869
1,2029,167259
1,2030,173484
1,2031,179562
1,2032,185652
1,2033,191599
1,2034,197520
1,2035,203438
1,2036,209117
1,2037,214784
1,2038,220416
1,2039,225862
1,2040,231104
1,2041,236436
1,2042,241535
1,2043,246396
1,2044,251182
1,2045,255865
1,2046,260500
1,2047,265173
1,2048,269620
1,2049,273936
1,2050,278220
2,2020,109148
2,2021,117441
2,2022,123218
2,2023,129409
2,2024,135467
2,2025,141710
2,2026,148181
2,2027,154731
2,2028,161035
2,2029,167450
2,2030,173857
2,2031,180014
2,2032,186183
2,2033,192340
2,2034,198095
2,2035,204152
2,2036,209845
2,2037,215604
2,2038,221202
2,2039,226643
2,2040,231826
2,2041,236966
2,2042,241993
2,2043,247039
2,2044,252052
2,2045,256787
2,2046,261449
2,2047,265900
2,2048,270484
2,2049,274791
2,2050,279063
3,2020,109200
3,2021,117519
3,2022,123245
3,2023,129116
3,2024,135364
3,2025,141629
3,2026,148037
3,2027,154422
3,2028,160869
3,2029,167259
3,2030,173484
3,2031,179562
3,2032,185652
3,2033,191599
3,2034,197520
3,2035,203438
3,2036,209117
3,2037,214784
3,2038,220416
3,2039,225862
3,2040,231104
3,2041,236436
3,2042,241535
3,2043,246396
3,2044,251182
3,2045,255865
3,2046,260500
3,2047,265173
3,2048,269620
3,2049,273936
3,2050,278220
4,2020,109148
4,2021,117441
4,2022,123218
4,2023,129409
4,2024,135467
4,2025,141710
4,2026,148181
4,2027,154731
4,2028,161035
4,2029,167450
4,2030,173857
4,2031,180014
4,2032,186183
4,2033,192340
4,2034,198095
4,2035,204152
4,2036,209845
4,2037,215604
4,2038,221202
4,2039,226643
4,2040,231826
4,2041,236966
4,2042,241993
4,2043,247039
4,2044,252052
4,2045,256787
4,2046,261449
4,2047,265900
4,2048,270484
4,2049,274791
4,2050,279063
5,2020,109479
5,2021,117807
5,2022,123624
5,2023,129511
5,2024,135887
5,2025,142340
5,2026,148595
5,2027,155079
5,2028,161513
5,2029,167834
5,2030,174112
5,2031,180389
5,2032,186506
5,2033,192527
5,2034,198489
5,2035,204204
5,2036,209848
5,2037,215641
5,2038,221001
5,2039,226554
5,2040,231680
5,2041,236728
5,2042,241707
5,2043,246743
5,2044,251657
5,2045,256499
5,2046,261212
5,2047,265703
5,2048,270133
5,2049,274453
5,2050,278630
6,2020,109200
6,2021,117519
6,2022,123245
6,2023,129116
6,2024,135364
6,2025,141629
6,2026,148037
6,2027,154422
6,2028,160869
6,2029,167259
6,2030,173484
6,2031,179562
6,2032,185652
6,2033,191599
6,2034,197520
6,2035,203438
6,2036,209117
6,2037,214784
6,2038,220416
6,2039,225862
6,2040,231104
6,2041,236436
6,2042,241535
6,2043,246396
6,2044,251182
6,2045,255865
6,2046,260500
6,2047,265173
6,2048,269620
6,2049,273936
6,2050,278220
