1,2020,1992
1,2021,3803
1,2022,3963
1,2023,4066
1,2024,4114
1,2025,4138
1,2026,4142
1,2027,4099
1,2028,4048
1,2029,4011
1,2030,3959
1,2031,3892
1,2032,3814
1,2033,3733
1,2034,3642
1,2035,3560
1,2036,3461
1,2037,3370
1,2038,3287
1,2039,3194
1,2040,3212
1,2041,3251
1,2042,3262
1,2043,3301
1,2044,3361
1,2045,3398
1,2046,3445
1,2047,3482
1,2048,3550
1,2049,3614
1,2050,2665
2,2020,1971
2,2021,3837
2,2022,3989
2,2023,4064
2,2024,4114
2,2025,4111
2,2026,4140
2,2027,4116
2,2028,4072
2,2029,3999
2,2030,3915
2,2031,3839
2,2032,3753
2,2033,3658
2,2034,3579
2,2035,3495
2,2036,3407
2,2037,3329
2,2038,3242
2,2039,3144
2,2040,3141
2,2041,3173
2,2042,3240
2,2043,3276
2,2044,3326
2,2045,3382
2,2046,3439
2,2047,3503
2,2048,3559
2,2049,3606
2,2050,2614
3,2020,1992
3,2021,3803
3,2022,3963
3,2023,4066
3,2024,4114
3,2025,4138
3,2026,4142
3,2027,4099
3,2028,4048
3,2029,4011
3,2030,3959
3,2031,3892
3,2032,3814
3,2033,3733
3,2034,3642
3,2035,3560
3,2036,3461
3,2037,3370
3,2038,3287
3,2039,3194
3,2040,3212
3,2041,3251
3,2042,3262
3,2043,3301
3,2044,3361
3,2045,3398
3,2046,3445
3,2047,3482
3,2048,3550
3,2049,3614
3,2050,2665
4,2020,1971
4,2021,3837
4,2022,3989
4,2023,4064
4,2024,4114
4,2025,4111
4,2026,4140
4,2027,4116
4,2028,4072
4,2029,3999
4,2030,3915
4,2031,3839
4,2032,3753
4,2033,3658
4,2034,3579
4,2035,3495
4,2036,3407
4,2037,3329
4,2038,3242
4,2039,3144
4,2040,3141
4,2041,3173
4,2042,3240
4,2043,3276
4,2044,3326
4,2045,3382
4,2046,3439
4,2047,3503
4,2048,3559
4,2049,3606
4,2050,2614
5,2020,1912
5,2021,3729
5,2022,3917
5,2023,4006
5,2024,4076
5,2025,4121
5,2026,4116
5,2027,4099
5,2028,4043
5,2029,3999
5,2030,3945
5,2031,3887
5,2032,3794
5,2033,3696
5,2034,3601
5,2035,3508
5,2036,3404
5,2037,3325
5,2038,3228
5,2039,3166
5,2040,3178
5,2041,3227
5,2042,3257
5,2043,3300
5,2044,3336
5,2045,3365
5,2046,3419
5,2047,3484
5,2048,3565
5,2049,3653
5,2050,2665
6,2020,1992
6,2021,3803
6,2022,3963
6,2023,4066
6,2024,4114
6,2025,4138
6,2026,4142
6,2027,4099
6,2028,4048
6,2029,4011
6,2030,3959
6,2031,3892
6,2032,3814
6,2033,3733
6,2034,3642
6,2035,3560
6,2036,3461
6,2037,3370
6,2038,3287
6,2039,3194
6,2040,3212
6,2041,3251
6,2042,3262
6,2043,3301
6,2044,3361
6,2045,3398
6,2046,3445
6,2047,3482
6,2048,3550
6,2049,3614
6,2050,2665
