1,2020,95749
1,2021,86193
1,2022,80371
1,2023,75121
1,2024,70132
1,2025,65652
1,2026,61366
1,2027,57506
1,2028,53849
1,2029,50454
1,2030,47285
1,2031,44298
1,2032,41425
1,2033,38654
1,2034,36016
1,2035,33488
1,2036,31126
1,2037,28820
1,2038,26564
1,2039,24395
1,2040,22264
1,2041,21697
1,2042,21178
1,2043,20921
1,2044,20674
1,2045,20499
1,2046,20450
1,2047,20502
1,2048,20580
1,2049,20635
1,2050,20930
2,2020,96493
2,2021,86916
2,2022,80865
2,2023,75462
2,2024,70533
2,2025,66013
2,2026,61798
2,2027,57758
2,2028,54149
2,2029,50666
2,2030,47553
2,2031,44487
2,2032,41576
2,2033,38797
2,2034,36149
2,2035,33641
2,2036,31252
2,2037,28857
2,2038,26642
2,2039,24426
2,2040,22315
2,2041,21748
2,2042,21241
2,2043,20888
2,2044,20582
2,2045,20264
2,2046,20157
2,2047,20160
2,2048,20255
2,2049,20470
2,2050,20758
3,2020,95749
3,2021,86193
3,2022,80371
3,2023,75121
3,2024,70132
3,2025,65652
3,2026,61366
3,2027,57506
3,2028,53849
3,2029,50454
3,2030,47285
3,2031,44298
3,2032,41425
3,2033,38654
3,2034,36016
3,2035,33488
3,2036,31126
3,2037,28820
3,2038,26564
3,2039,24395
3,2040,22264
3,2041,21697
3,2042,21178
3,2043,20921
3,2044,20674
3,2045,20499
3,2046,20450
3,2047,20502
3,2048,20580
3,2049,20635
3,2050,20930
4,2020,96493
4,2021,86916
4,2022,80865
4,2023,75462
4,2024,70533
4,2025,66013
4,2026,61798
4,2027,57758
4,2028,54149
4,2029,50666
4,2030,47553
4,2031,44487
4,2032,41576
4,2033,38797
4,2034,36149
4,2035,33641
4,2036,31252
4,2037,28857
4,2038,26642
4,2039,24426
4,2040,22315
4,2041,21748
4,2042,21241
4,2043,20888
4,2044,20582
4,2045,20264
4,2046,20157
4,2047,20160
4,2048,20255
4,2049,20470
4,2050,20758
5,2020,96212
5,2021,86655
5,2022,80754
5,2023,75235
5,2024,70289
5,2025,65724
5,2026,61598
5,2027,57727
5,2028,54047
5,2029,50591
5,2030,47374
5,2031,44205
5,2032,41285
5,2033,38480
5,2034,35871
5,2035,33429
5,2036,31036
5,2037,28681
5,2038,26543
5,2039,24334
5,2040,22261
5,2041,21867
5,2042,21433
5,2043,20953
5,2044,20590
5,2045,20216
5,2046,20103
5,2047,20034
5,2048,20139
5,2049,20275
5,2050,20528
6,2020,95749
6,2021,86193
6,2022,80371
6,2023,75121
6,2024,70132
6,2025,65652
6,2026,61366
6,2027,57506
6,2028,53849
6,2029,50454
6,2030,47285
6,2031,44298
6,2032,41425
6,2033,38654
6,2034,36016
6,2035,33488
6,2036,31126
6,2037,28820
6,2038,26564
6,2039,24395
6,2040,22264
6,2041,21697
6,2042,21178
6,2043,20921
6,2044,20674
6,2045,20499
6,2046,20450
6,2047,20502
6,2048,20580
6,2049,20635
6,2050,20930
