1,2020,606172
1,2021,603283
1,2022,599406
1,2023,594708
1,2024,589417
1,2025,583691
1,2026,577599
1,2027,571026
1,2028,564417
1,2029,557513
1,2030,550540
1,2031,543527
1,2032,536299
1,2033,529194
1,2034,522069
1,2035,514789
1,2036,507473
1,2037,500218
1,2038,493006
1,2039,485910
1,2040,478830
1,2041,471836
1,2042,465027
1,2043,458282
1,2044,451586
1,2045,445039
1,2046,438453
1,2047,431933
1,2048,425581
1,2049,419385
1,2050,414210
2,2020,605542
2,2021,602846
2,2022,599103
2,2023,594290
2,2024,589092
2,2025,583485
2,2026,577214
2,2027,570698
2,2028,564033
2,2029,557218
2,2030,550055
2,2031,543069
2,2032,535882
2,2033,528653
2,2034,521648
2,2035,514253
2,2036,507092
2,2037,499897
2,2038,492718
2,2039,485642
2,2040,478677
2,2041,471798
2,2042,464973
2,2043,458187
2,2044,451323
2,2045,444791
2,2046,438235
2,2047,431724
2,2048,425234
2,2049,418945
2,2050,413693
3,2020,606172
3,2021,603283
3,2022,599406
3,2023,594708
3,2024,589417
3,2025,583691
3,2026,577599
3,2027,571026
3,2028,564417
3,2029,557513
3,2030,550540
3,2031,543527
3,2032,536299
3,2033,529194
3,2034,522069
3,2035,514789
3,2036,507473
3,2037,500218
3,2038,493006
3,2039,485910
3,2040,478830
3,2041,471836
3,2042,465027
3,2043,458282
3,2044,451586
3,2045,445039
3,2046,438453
3,2047,431933
3,2048,425581
3,2049,419385
3,2050,414210
4,2020,605542
4,2021,602846
4,2022,599103
4,2023,594290
4,2024,589092
4,2025,583485
4,2026,577214
4,2027,570698
4,2028,564033
4,2029,557218
4,2030,550055
4,2031,543069
4,2032,535882
4,2033,528653
4,2034,521648
4,2035,514253
4,2036,507092
4,2037,499897
4,2038,492718
4,2039,485642
4,2040,478677
4,2041,471798
4,2042,464973
4,2043,458187
4,2044,451323
4,2045,444791
4,2046,438235
4,2047,431724
4,2048,425234
4,2049,418945
4,2050,413693
5,2020,605524
5,2021,602746
5,2022,598813
5,2023,594481
5,2024,589009
5,2025,583154
5,2026,577005
5,2027,570520
5,2028,563751
5,2029,556984
5,2030,549909
5,2031,543008
5,2032,535882
5,2033,528711
5,2034,521508
5,2035,514360
5,2036,507431
5,2037,500167
5,2038,493108
5,2039,485998
5,2040,479127
5,2041,472158
5,2042,465299
5,2043,458446
5,2044,451875
5,2045,445179
5,2046,438682
5,2047,432228
5,2048,425953
5,2049,419747
5,2050,414691
6,2020,606172
6,2021,603283
6,2022,599406
6,2023,594708
6,2024,589417
6,2025,583691
6,2026,577599
6,2027,571026
6,2028,564417
6,2029,557513
6,2030,550540
6,2031,543527
6,2032,536299
6,2033,529194
6,2034,522069
6,2035,514789
6,2036,507473
6,2037,500218
6,2038,493006
6,2039,485910
6,2040,478830
6,2041,471836
6,2042,465027
6,2043,458282
6,2044,451586
6,2045,445039
6,2046,438453
6,2047,431933
6,2048,425581
6,2049,419385
6,2050,414210
