1,2020,5887
1,2021,8202
1,2022,12015
1,2023,15989
1,2024,19973
1,2025,23890
1,2026,27856
1,2027,31947
1,2028,35817
1,2029,39763
1,2030,43732
1,2031,47721
1,2032,51810
1,2033,55820
1,2034,59753
1,2035,63725
1,2036,67823
1,2037,71808
1,2038,75727
1,2039,79639
1,2040,83590
1,2041,85780
1,2042,87998
1,2043,90100
1,2044,92197
1,2045,94199
1,2046,96152
1,2047,97910
1,2048,99669
1,2049,101430
1,2050,102975
2,2020,5846
2,2021,7960
2,2022,11825
2,2023,15775
2,2024,19794
2,2025,23681
2,2026,27667
2,2027,31697
2,2028,35711
2,2029,39667
2,2030,43620
2,2031,47591
2,2032,51606
2,2033,55552
2,2034,59529
2,2035,63459
2,2036,67404
2,2037,71313
2,2038,75196
2,2039,79145
2,2040,83041
2,2041,85315
2,2042,87553
2,2043,89610
2,2044,91717
2,2045,93776
2,2046,95720
2,2047,97713
2,2048,99468
2,2049,101188
2,2050,102872
3,2020,5887
3,2021,8202
3,2022,12015
3,2023,15989
3,2024,19973
3,2025,23890
3,2026,27856
3,2027,31947
3,2028,35817
3,2029,39763
3,2030,43732
3,2031,47721
3,2032,51810
3,2033,55820
3,2034,59753
3,2035,63725
3,2036,67823
3,2037,71808
3,2038,75727
3,2039,79639
3,2040,83590
3,2041,85780
3,2042,87998
3,2043,90100
3,2044,92197
3,2045,94199
3,2046,96152
3,2047,97910
3,2048,99669
3,2049,101430
3,2050,102975
4,2020,5846
4,2021,7960
4,2022,11825
4,2023,15775
4,2024,19794
4,2025,23681
4,2026,27667
4,2027,31697
4,2028,35711
4,2029,39667
4,2030,43620
4,2031,47591
4,2032,51606
4,2033,55552
4,2034,59529
4,2035,63459
4,2036,67404
4,2037,71313
4,2038,75196
4,2039,79145
4,2040,83041
4,2041,85315
4,2042,87553
4,2043,89610
4,2044,91717
4,2045,93776
4,2046,95720
4,2047,97713
4,2048,99468
4,2049,101188
4,2050,102872
5,2020,5873
5,2021,8063
5,2022,11892
5,2023,15767
5,2024,19739
5,2025,23661
5,2026,27686
5,2027,31575
5,2028,35646
5,2029,39592
5,2030,43660
5,2031,47511
5,2032,51533
5,2033,55586
5,2034,59531
5,2035,63499
5,2036,67281
5,2037,71186
5,2038,75120
5,2039,78948
5,2040,82754
5,2041,85020
5,2042,87304
5,2043,89558
5,2044,91542
5,2045,93741
5,2046,95584
5,2047,97551
5,2048,99210
5,2049,100872
5,2050,102486
6,2020,5887
6,2021,8202
6,2022,12015
6,2023,15989
6,2024,19973
6,2025,23890
6,2026,27856
6,2027,31947
6,2028,35817
6,2029,39763
6,2030,43732
6,2031,47721
6,2032,51810
6,2033,55820
6,2034,59753
6,2035,63725
6,2036,67823
6,2037,71808
6,2038,75727
6,2039,79639
6,2040,83590
6,2041,85780
6,2042,87998
6,2043,90100
6,2044,92197
6,2045,94199
6,2046,96152
6,2047,97910
6,2048,99669
6,2049,101430
6,2050,102975
