1,2020,5673
1,2021,7576
1,2022,11147
1,2023,14702
1,2024,18281
1,2025,21802
1,2026,25433
1,2027,28823
1,2028,32275
1,2029,35702
1,2030,39071
1,2031,42368
1,2032,45599
1,2033,48793
1,2034,52042
1,2035,55293
1,2036,58474
1,2037,61643
1,2038,64678
1,2039,67758
1,2040,70749
1,2041,72259
1,2042,73808
1,2043,75221
1,2044,76655
1,2045,77778
1,2046,78995
1,2047,80150
1,2048,81079
1,2049,81943
1,2050,82879
2,2020,5673
2,2021,7576
2,2022,11147
2,2023,14702
2,2024,18281
2,2025,21802
2,2026,25433
2,2027,28823
2,2028,32275
2,2029,35702
2,2030,39071
2,2031,42368
2,2032,45599
2,2033,48793
2,2034,52042
2,2035,55293
2,2036,58474
2,2037,61643
2,2038,64678
2,2039,67758
2,2040,70749
2,2041,72259
2,2042,73808
2,2043,75221
2,2044,76655
2,2045,77778
2,2046,78995
2,2047,80150
2,2048,81079
2,2049,81943
2,2050,82879
3,2020,5673
3,2021,7576
3,2022,11147
3,2023,14702
3,2024,18281
3,2025,21802
3,2026,25433
3,2027,28823
3,2028,32275
3,2029,35702
3,2030,39071
3,2031,42368
3,2032,45599
3,2033,48793
3,2034,52042
3,2035,55293
3,2036,58474
3,2037,61643
3,2038,64678
3,2039,67758
3,2040,70749
3,2041,72259
3,2042,73808
3,2043,75221
3,2044,76655
3,2045,77778
3,2046,78995
3,2047,80150
3,2048,81079
3,2049,81943
3,2050,82879
4,2020,5747
4,2021,7508
4,2022,11016
4,2023,14536
4,2024,18146
4,2025,21730
4,2026,25199
4,2027,28683
4,2028,32151
4,2029,35607
4,2030,39000
4,2031,42337
4,2032,45602
4,2033,49020
4,2034,52286
4,2035,55644
4,2036,58918
4,2037,62112
4,2038,65168
4,2039,68231
4,2040,71245
4,2041,72766
4,2042,74292
4,2043,75706
4,2044,77062
4,2045,78322
4,2046,79704
4,2047,80832
4,2048,81841
4,2049,82831
4,2050,83708
5,2020,5904
5,2021,7638
5,2022,11120
5,2023,14659
5,2024,18260
5,2025,21814
5,2026,25217
5,2027,28909
5,2028,32394
5,2029,35821
5,2030,39095
5,2031,42446
5,2032,45863
5,2033,49117
5,2034,52322
5,2035,55466
5,2036,58616
5,2037,61725
5,2038,64691
5,2039,67672
5,2040,70627
5,2041,72131
5,2042,73605
5,2043,74926
5,2044,76245
5,2045,77542
5,2046,78769
5,2047,79742
5,2048,80828
5,2049,81789
5,2050,82736
6,2020,5784
6,2021,7716
6,2022,11317
6,2023,14839
6,2024,18272
6,2025,21824
6,2026,25302
6,2027,28631
6,2028,32096
6,2029,35454
6,2030,38814
6,2031,42226
6,2032,45519
6,2033,48863
6,2034,52063
6,2035,55414
6,2036,58648
6,2037,61827
6,2038,64944
6,2039,67980
6,2040,70874
6,2041,72368
6,2042,73955
6,2043,75373
6,2044,76807
6,2045,78070
6,2046,79327
6,2047,80514
6,2048,81573
6,2049,82502
6,2050,83416
