1,2020,605427
1,2021,602585
1,2022,598745
1,2023,594009
1,2024,588865
1,2025,583188
1,2026,576922
1,2027,570637
1,2028,563915
1,2029,557070
1,2030,550039
1,2031,543000
1,2032,535870
1,2033,528692
1,2034,521595
1,2035,514321
1,2036,507116
1,2037,500051
1,2038,492918
1,2039,485860
1,2040,478887
1,2041,472045
1,2042,465289
1,2043,458516
1,2044,451771
1,2045,445200
1,2046,438602
1,2047,432097
1,2048,425780
1,2049,419615
1,2050,414341
2,2020,605427
2,2021,602585
2,2022,598745
2,2023,594009
2,2024,588865
2,2025,583188
2,2026,576922
2,2027,570637
2,2028,563915
2,2029,557070
2,2030,550039
2,2031,543000
2,2032,535870
2,2033,528692
2,2034,521595
2,2035,514321
2,2036,507116
2,2037,500051
2,2038,492918
2,2039,485860
2,2040,478887
2,2041,472045
2,2042,465289
2,2043,458516
2,2044,451771
2,2045,445200
2,2046,438602
2,2047,432097
2,2048,425780
2,2049,419615
2,2050,414341
3,2020,605427
3,2021,602585
3,2022,598745
3,2023,594009
3,2024,588865
3,2025,583188
3,2026,576922
3,2027,570637
3,2028,563915
3,2029,557070
3,2030,550039
3,2031,543000
3,2032,535870
3,2033,528692
3,2034,521595
3,2035,514321
3,2036,507116
3,2037,500051
3,2038,492918
3,2039,485860
3,2040,478887
3,2041,472045
3,2042,465289
3,2043,458516
3,2044,451771
3,2045,445200
3,2046,438602
3,2047,432097
3,2048,425780
3,2049,419615
3,2050,414341
4,2020,605580
4,2021,602618
4,2022,599021
4,2023,594656
4,2024,589470
4,2025,583881
4,2026,577978
4,2027,571662
4,2028,564969
4,2029,558060
4,2030,551077
4,2031,544090
4,2032,536913
4,2033,529601
4,2034,522334
4,2035,515115
4,2036,507943
4,2037,500692
4,2038,493572
4,2039,486435
4,2040,479249
4,2041,472352
4,2042,465501
4,2043,458655
4,2044,451844
4,2045,445308
4,2046,438572
4,2047,432211
4,2048,425825
4,2049,419490
4,2050,414449
5,2020,606241
5,2021,603200
5,2022,599638
5,2023,594996
5,2024,589536
5,2025,583695
5,2026,577671
5,2027,571132
5,2028,564428
5,2029,557557
5,2030,550611
5,2031,543511
5,2032,536290
5,2033,529074
5,2034,521713
5,2035,514509
5,2036,507329
5,2037,500125
5,2038,493174
5,2039,486195
5,2040,479220
5,2041,472379
5,2042,465506
5,2043,458801
5,2044,452169
5,2045,445483
5,2046,438950
5,2047,432411
5,2048,425966
5,2049,419587
5,2050,414432
6,2020,606344
6,2021,603255
6,2022,599439
6,2023,594781
6,2024,589582
6,2025,583718
6,2026,577449
6,2027,571122
6,2028,564490
6,2029,557680
6,2030,550652
6,2031,543503
6,2032,536330
6,2033,529212
6,2034,522084
6,2035,514735
6,2036,507558
6,2037,500423
6,2038,493226
6,2039,486079
6,2040,479080
6,2041,472019
6,2042,465089
6,2043,458330
6,2044,451563
6,2045,444949
6,2046,438310
6,2047,431839
6,2048,425525
6,2049,419287
6,2050,414226
