1,2020,109816
1,2021,118562
1,2022,124765
1,2023,131371
1,2024,137991
1,2025,144925
1,2026,151890
1,2027,158734
1,2028,165762
1,2029,172665
1,2030,179709
1,2031,186616
1,2032,193468
1,2033,200312
1,2034,206995
1,2035,213645
1,2036,220107
1,2037,226512
1,2038,232911
1,2039,239209
1,2040,245309
1,2041,251319
1,2042,257201
1,2043,263060
1,2044,268834
1,2045,274670
1,2046,280271
1,2047,285881
1,2048,291365
1,2049,296730
1,2050,302047
2,2020,109816
2,2021,118562
2,2022,124765
2,2023,131371
2,2024,137991
2,2025,144925
2,2026,151890
2,2027,158734
2,2028,165762
2,2029,172665
2,2030,179709
2,2031,186616
2,2032,193468
2,2033,200312
2,2034,206995
2,2035,213645
2,2036,220107
2,2037,226512
2,2038,232911
2,2039,239209
2,2040,245309
2,2041,251319
2,2042,257201
2,2043,263060
2,2044,268834
2,2045,274670
2,2046,280271
2,2047,285881
2,2048,291365
2,2049,296730
2,2050,302047
3,2020,109816
3,2021,118562
3,2022,124765
3,2023,131371
3,2024,137991
3,2025,144925
3,2026,151890
3,2027,158734
3,2028,165762
3,2029,172665
3,2030,179709
3,2031,186616
3,2032,193468
3,2033,200312
3,2034,206995
3,2035,213645
3,2036,220107
3,2037,226512
3,2038,232911
3,2039,239209
3,2040,245309
3,2041,251319
3,2042,257201
3,2043,263060
3,2044,268834
3,2045,274670
3,2046,280271
3,2047,285881
3,2048,291365
3,2049,296730
3,2050,302047
4,2020,109363
4,2021,118180
4,2022,124219
4,2023,130494
4,2024,137258
4,2025,143848
4,2026,150574
4,2027,157500
4,2028,164464
4,2029,171555
4,2030,178463
4,2031,185223
4,2032,192141
4,2033,198975
4,2034,205754
4,2035,212293
4,2036,218712
4,2037,225253
4,2038,231720
4,2039,238037
4,2040,244347
4,2041,250485
4,2042,256442
4,2043,262371
4,2044,268321
4,2045,274003
4,2046,279673
4,2047,285198
4,2048,290629
4,2049,296023
4,2050,301190
5,2020,109190
5,2021,118063
5,2022,124040
5,2023,130527
5,2024,137300
5,2025,144164
5,2026,150953
5,2027,157835
5,2028,164854
5,2029,171709
5,2030,178681
5,2031,185530
5,2032,192404
5,2033,199262
5,2034,206133
5,2035,212789
5,2036,219348
5,2037,225896
5,2038,232229
5,2039,238543
5,2040,244723
5,2041,250732
5,2042,256808
5,2043,262663
5,2044,268402
5,2045,274171
5,2046,279770
5,2047,285472
5,2048,290894
5,2049,296372
5,2050,301785
6,2020,109052
6,2021,117866
6,2022,123854
6,2023,130319
6,2024,137135
6,2025,144126
6,2026,151189
6,2027,158238
6,2028,165094
6,2029,172021
6,2030,178980
6,2031,185840
6,2032,192710
6,2033,199435
6,2034,206102
6,2035,212854
6,2036,219315
6,2037,225855
6,2038,232283
6,2039,238728
6,2040,244934
6,2041,251083
6,2042,257028
6,2043,262865
6,2044,268784
6,2045,274552
6,2046,280252
6,2047,285806
6,2048,291162
6,2049,296589
6,2050,301733
