1,2020,2031
1,2021,3735
1,2022,3716
1,2023,3702
1,2024,3649
1,2025,3569
1,2026,3466
1,2027,3365
1,2028,3264
1,2029,3158
1,2030,3050
1,2031,2959
1,2032,2854
1,2033,2747
1,2034,2648
1,2035,2572
1,2036,2460
1,2037,2384
1,2038,2272
1,2039,2179
1,2040,2172
1,2041,2162
1,2042,2147
1,2043,2145
1,2044,2155
1,2045,2159
1,2046,2166
1,2047,2183
1,2048,2183
1,2049,2186
1,2050,1195
2,2020,2031
2,2021,3735
2,2022,3716
2,2023,3702
2,2024,3649
2,2025,3569
2,2026,3466
2,2027,3365
2,2028,3264
2,2029,3158
2,2030,3050
2,2031,2959
2,2032,2854
2,2033,2747
2,2034,2648
2,2035,2572
2,2036,2460
2,2037,2384
2,2038,2272
2,2039,2179
2,2040,2172
2,2041,2162
2,2042,2147
2,2043,2145
2,2044,2155
2,2045,2159
2,2046,2166
2,2047,2183
2,2048,2183
2,2049,2186
2,2050,1195
3,2020,2031
3,2021,3735
3,2022,3716
3,2023,3702
3,2024,3649
3,2025,3569
3,2026,3466
3,2027,3365
3,2028,3264
3,2029,3158
3,2030,3050
3,2031,2959
3,2032,2854
3,2033,2747
3,2034,2648
3,2035,2572
3,2036,2460
3,2037,2384
3,2038,2272
3,2039,2179
3,2040,2172
3,2041,2162
3,2042,2147
3,2043,2145
3,2044,2155
3,2045,2159
3,2046,2166
3,2047,2183
3,2048,2183
3,2049,2186
3,2050,1195
4,2020,1896
4,2021,3731
4,2022,3735
4,2023,3701
4,2024,3643
4,2025,3557
4,2026,3497
4,2027,3396
4,2028,3288
4,2029,3169
4,2030,3078
4,2031,2978
4,2032,2889
4,2033,2805
4,2034,2698
4,2035,2607
4,2036,2516
4,2037,2405
4,2038,2298
4,2039,2201
4,2040,2166
4,2041,2166
4,2042,2195
4,2043,2219
4,2044,2231
4,2045,2243
4,2046,2229
4,2047,2233
4,2048,2263
4,2049,2300
4,2050,1207
5,2020,2029
5,2021,3918
5,2022,3893
5,2023,3855
5,2024,3798
5,2025,3725
5,2026,3646
5,2027,3563
5,2028,3466
5,2029,3342
5,2030,3205
5,2031,3104
5,2032,2982
5,2033,2875
5,2034,2771
5,2035,2666
5,2036,2569
5,2037,2472
5,2038,2363
5,2039,2260
5,2040,2231
5,2041,2238
5,2042,2235
5,2043,2224
5,2044,2230
5,2045,2211
5,2046,2251
5,2047,2248
5,2048,2255
5,2049,2269
5,2050,1178
6,2020,2026
6,2021,3800
6,2022,3769
6,2023,3722
6,2024,3663
6,2025,3592
6,2026,3497
6,2027,3399
6,2028,3293
6,2029,3189
6,2030,3086
6,2031,2979
6,2032,2896
6,2033,2795
6,2034,2684
6,2035,2596
6,2036,2510
6,2037,2411
6,2038,2327
6,2039,2230
6,2040,2206
6,2041,2204
6,2042,2196
6,2043,2195
6,2044,2199
6,2045,2184
6,2046,2148
6,2047,2168
6,2048,2185
6,2049,2203
6,2050,1170
