1,2020,96053
1,2021,86542
1,2022,80627
1,2023,75216
1,2024,70214
1,2025,65516
1,2026,61289
1,2027,57441
1,2028,53784
1,2029,50405
1,2030,47131
1,2031,44057
1,2032,41209
1,2033,38456
1,2034,35720
1,2035,33169
1,2036,30843
1,2037,28410
1,2038,26221
1,2039,23994
1,2040,21883
1,2041,21215
1,2042,20555
1,2043,20058
1,2044,19585
1,2045,19193
1,2046,18966
1,2047,18689
1,2048,18593
1,2049,18526
1,2050,18538
2,2020,96053
2,2021,86542
2,2022,80627
2,2023,75216
2,2024,70214
2,2025,65516
2,2026,61289
2,2027,57441
2,2028,53784
2,2029,50405
2,2030,47131
2,2031,44057
2,2032,41209
2,2033,38456
2,2034,35720
2,2035,33169
2,2036,30843
2,2037,28410
2,2038,26221
2,2039,23994
2,2040,21883
2,2041,21215
2,2042,20555
2,2043,20058
2,2044,19585
2,2045,19193
2,2046,18966
2,2047,18689
2,2048,18593
2,2049,18526
2,2050,18538
3,2020,96053
3,2021,86542
3,2022,80627
3,2023,75216
3,2024,70214
3,2025,65516
3,2026,61289
3,2027,57441
3,2028,53784
3,2029,50405
3,2030,47131
3,2031,44057
3,2032,41209
3,2033,38456
3,2034,35720
3,2035,33169
3,2036,30843
3,2037,28410
3,2038,26221
3,2039,23994
3,2040,21883
3,2041,21215
3,2042,20555
3,2043,20058
3,2044,19585
3,2045,19193
3,2046,18966
3,2047,18689
3,2048,18593
3,2049,18526
3,2050,18538
4,2020,96414
4,2021,86963
4,2022,81009
4,2023,75613
4,2024,70483
4,2025,65984
4,2026,61752
4,2027,57759
4,2028,54128
4,2029,50609
4,2030,47382
4,2031,44372
4,2032,41455
4,2033,38599
4,2034,35928
4,2035,33341
4,2036,30911
4,2037,28538
4,2038,26242
4,2039,24096
4,2040,21993
4,2041,21231
4,2042,20570
4,2043,20049
4,2044,19542
4,2045,19124
4,2046,18822
4,2047,18526
4,2048,18442
4,2049,18356
4,2050,18446
5,2020,95636
5,2021,86181
5,2022,80309
5,2023,74963
5,2024,70106
5,2025,65602
5,2026,61513
5,2027,57561
5,2028,53858
5,2029,50571
5,2030,47408
5,2031,44409
5,2032,41461
5,2033,38672
5,2034,36061
5,2035,33570
5,2036,31138
5,2037,28782
5,2038,26543
5,2039,24330
5,2040,22199
5,2041,21520
5,2042,20846
5,2043,20386
5,2044,19954
5,2045,19593
5,2046,19260
5,2047,19127
5,2048,19057
5,2049,18983
5,2050,18869
6,2020,95794
6,2021,86363
6,2022,80621
6,2023,75339
6,2024,70348
6,2025,65740
6,2026,61563
6,2027,57610
6,2028,54027
6,2029,50656
6,2030,47468
6,2031,44452
6,2032,41545
6,2033,38695
6,2034,36067
6,2035,33401
6,2036,30969
6,2037,28484
6,2038,26220
6,2039,23983
6,2040,21906
6,2041,21326
6,2042,20732
6,2043,20237
6,2044,19647
6,2045,19245
6,2046,18963
6,2047,18673
6,2048,18555
6,2049,18419
6,2050,18455
