1,2020,109312
1,2021,117921
1,2022,126321
1,2023,134701
1,2024,142903
1,2025,150773
1,2026,158706
1,2027,166372
1,2028,173807
1,2029,180983
1,2030,188136
1,2031,195092
1,2032,202009
1,2033,208824
1,2034,215491
1,2035,221974
1,2036,228374
1,2037,234566
1,2038,240712
1,2039,246673
1,2040,252419
1,2041,258124
1,2042,263887
1,2043,269305
1,2044,274832
1,2045,279998
1,2046,285124
1,2047,289967
1,2048,294933
1,2049,299716
1,2050,304443
2,2020,108832
2,2021,117310
2,2022,125802
2,2023,134116
2,2024,142192
2,2025,150053
2,2026,158035
2,2027,165623
2,2028,173210
2,2029,180620
2,2030,187581
2,2031,194686
2,2032,201507
2,2033,208361
2,2034,215021
2,2035,221437
2,2036,227842
2,2037,234184
2,2038,240441
2,2039,246437
2,2040,252248
2,2041,258094
2,2042,263689
2,2043,269240
2,2044,274634
2,2045,279841
2,2046,285006
2,2047,290148
2,2048,295092
2,2049,299860
2,2050,304557
3,2020,110320
3,2021,118807
3,2022,127173
3,2023,135411
3,2024,143485
3,2025,151469
3,2026,159219
3,2027,166814
3,2028,174160
3,2029,181504
3,2030,188720
3,2031,195674
3,2032,202482
3,2033,209179
3,2034,215694
3,2035,222285
3,2036,228493
3,2037,234545
3,2038,240613
3,2039,246582
3,2040,252430
3,2041,258205
3,2042,263886
3,2043,269599
3,2044,274898
3,2045,280199
3,2046,285288
3,2047,290346
3,2048,295079
3,2049,299825
3,2050,304580
4,2020,109172
4,2021,117768
4,2022,126196
4,2023,134444
4,2024,142659
4,2025,150527
4,2026,158266
4,2027,165792
4,2028,173296
4,2029,180815
4,2030,187976
4,2031,194962
4,2032,201858
4,2033,208661
4,2034,215320
4,2035,221624
4,2036,228002
4,2037,234225
4,2038,240332
4,2039,246262
4,2040,252259
4,2041,258150
4,2042,263866
4,2043,269210
4,2044,274754
4,2045,279972
4,2046,285097
4,2047,290168
4,2048,295128
4,2049,300069
4,2050,304712
5,2020,110320
5,2021,118807
5,2022,127173
5,2023,135411
5,2024,143485
5,2025,151469
5,2026,159219
5,2027,166814
5,2028,174160
5,2029,181504
5,2030,188720
5,2031,195674
5,2032,202482
5,2033,209179
5,2034,215694
5,2035,222285
5,2036,228493
5,2037,234545
5,2038,240613
5,2039,246582
5,2040,252430
5,2041,258205
5,2042,263886
5,2043,269599
5,2044,274898
5,2045,280199
5,2046,285288
5,2047,290346
5,2048,295079
5,2049,299825
5,2050,304580
6,2020,109708
6,2021,118164
6,2022,126668
6,2023,134943
6,2024,143018
6,2025,150970
6,2026,158686
6,2027,166291
6,2028,173637
6,2029,181035
6,2030,188256
6,2031,195269
6,2032,202098
6,2033,208931
6,2034,215423
6,2035,221928
6,2036,228207
6,2037,234487
6,2038,240526
6,2039,246481
6,2040,252506
6,2041,258438
6,2042,263991
6,2043,269469
6,2044,274738
6,2045,280047
6,2046,285031
6,2047,290279
6,2048,295231
6,2049,299957
6,2050,304590
