1,2020,2037
1,2021,1926
1,2022,1831
1,2023,1736
1,2024,1643
1,2025,1555
1,2026,1459
1,2027,1363
1,2028,1271
1,2029,1189
1,2030,1121
1,2031,1038
1,2032,961
1,2033,880
1,2034,814
1,2035,754
1,2036,693
1,2037,621
1,2038,567
1,2039,516
1,2040,459
1,2041,402
1,2042,354
1,2043,296
1,2044,250
1,2045,206
1,2046,168
1,2047,124
1,2048,90
1,2049,43
1,2050,0
2,2020,1977
2,2021,1864
2,2022,1772
2,2023,1666
2,2024,1568
2,2025,1477
2,2026,1392
2,2027,1307
2,2028,1216
2,2029,1148
2,2030,1063
2,2031,981
2,2032,912
2,2033,849
2,2034,776
2,2035,719
2,2036,664
2,2037,593
2,2038,539
2,2039,493
2,2040,440
2,2041,394
2,2042,349
2,2043,306
2,2044,253
2,2045,210
2,2046,165
2,2047,131
2,2048,87
2,2049,40
2,2050,0
3,2020,1989
3,2021,1898
3,2022,1801
3,2023,1713
3,2024,1619
3,2025,1505
3,2026,1421
3,2027,1345
3,2028,1256
3,2029,1173
3,2030,1090
3,2031,1031
3,2032,951
3,2033,877
3,2034,802
3,2035,726
3,2036,654
3,2037,592
3,2038,536
3,2039,476
3,2040,424
3,2041,373
3,2042,326
3,2043,261
3,2044,221
3,2045,171
3,2046,138
3,2047,95
3,2048,58
3,2049,28
3,2050,0
4,2020,1967
4,2021,1853
4,2022,1745
4,2023,1647
4,2024,1566
4,2025,1490
4,2026,1409
4,2027,1329
4,2028,1241
4,2029,1153
4,2030,1074
4,2031,1001
4,2032,917
4,2033,844
4,2034,784
4,2035,718
4,2036,653
4,2037,600
4,2038,548
4,2039,489
4,2040,445
4,2041,376
4,2042,318
4,2043,275
4,2044,225
4,2045,193
4,2046,153
4,2047,123
4,2048,72
4,2049,36
4,2050,0
5,2020,1989
5,2021,1898
5,2022,1801
5,2023,1713
5,2024,1619
5,2025,1505
5,2026,1421
5,2027,1345
5,2028,1256
5,2029,1173
5,2030,1090
5,2031,1031
5,2032,951
5,2033,877
5,2034,802
5,2035,726
5,2036,654
5,2037,592
5,2038,536
5,2039,476
5,2040,424
5,2041,373
5,2042,326
5,2043,261
5,2044,221
5,2045,171
5,2046,138
5,2047,95
5,2048,58
5,2049,28
5,2050,0
6,2020,2010
6,2021,1900
6,2022,1783
6,2023,1700
6,2024,1608
6,2025,1524
6,2026,1424
6,2027,1335
6,2028,1253
6,2029,1171
6,2030,1091
6,2031,1009
6,2032,921
6,2033,862
6,2034,804
6,2035,737
6,2036,681
6,2037,621
6,2038,569
6,2039,519
6,2040,450
6,2041,397
6,2042,351
6,2043,292
6,2044,238
6,2045,187
6,2046,132
6,2047,98
6,2048,65
6,2049,30
6,2050,0
