1,2020,95777
1,2021,92337
1,2022,88712
1,2023,85196
1,2024,81667
1,2025,78330
1,2026,74846
1,2027,71471
1,2028,68220
1,2029,64977
1,2030,61760
1,2031,58626
1,2032,55432
1,2033,52346
1,2034,49248
1,2035,46227
1,2036,43091
1,2037,40028
1,2038,37030
1,2039,34158
1,2040,31263
1,2041,30148
1,2042,28779
1,2043,27667
1,2044,26620
1,2045,25703
1,2046,24809
1,2047,24114
1,2048,23507
1,2049,23007
1,2050,22571
2,2020,95449
2,2021,92008
2,2022,88486
2,2023,85017
2,2024,81585
2,2025,78172
2,2026,74671
2,2027,71336
2,2028,67901
2,2029,64622
2,2030,61401
2,2031,58183
2,2032,55081
2,2033,51975
2,2034,48856
2,2035,45858
2,2036,42879
2,2037,39856
2,2038,36814
2,2039,33890
2,2040,30987
2,2041,29760
2,2042,28595
2,2043,27488
2,2044,26473
2,2045,25585
2,2046,24786
2,2047,24026
2,2048,23508
2,2049,22913
2,2050,22452
3,2020,95567
3,2021,92095
3,2022,88659
3,2023,85122
3,2024,81751
3,2025,78363
3,2026,75019
3,2027,71617
3,2028,68341
3,2029,65008
3,2030,61729
3,2031,58403
3,2032,55336
3,2033,52267
3,2034,49162
3,2035,46074
3,2036,43141
3,2037,40249
3,2038,37333
3,2039,34408
3,2040,31392
3,2041,30080
3,2042,28778
3,2043,27546
3,2044,26612
3,2045,25725
3,2046,24915
3,2047,24076
3,2048,23383
3,2049,22677
3,2050,22227
4,2020,96248
4,2021,92699
4,2022,89195
4,2023,85713
4,2024,82291
4,2025,78897
4,2026,75559
4,2027,72185
4,2028,68884
4,2029,65584
4,2030,62334
4,2031,59160
4,2032,55972
4,2033,52713
4,2034,49629
4,2035,46587
4,2036,43524
4,2037,40459
4,2038,37368
4,2039,34468
4,2040,31526
4,2041,30223
4,2042,28974
4,2043,27916
4,2044,26745
4,2045,25765
4,2046,24896
4,2047,24100
4,2048,23502
4,2049,22893
4,2050,22378
5,2020,95567
5,2021,92095
5,2022,88659
5,2023,85122
5,2024,81751
5,2025,78363
5,2026,75019
5,2027,71617
5,2028,68341
5,2029,65008
5,2030,61729
5,2031,58403
5,2032,55336
5,2033,52267
5,2034,49162
5,2035,46074
5,2036,43141
5,2037,40249
5,2038,37333
5,2039,34408
5,2040,31392
5,2041,30080
5,2042,28778
5,2043,27546
5,2044,26612
5,2045,25725
5,2046,24915
5,2047,24076
5,2048,23383
5,2049,22677
5,2050,22227
6,2020,95576
6,2021,92061
6,2022,88624
6,2023,85070
6,2024,81589
6,2025,78149
6,2026,74812
6,2027,71479
6,2028,68199
6,2029,64944
6,2030,61759
6,2031,58554
6,2032,55362
6,2033,52123
6,2034,49080
6,2035,45981
6,2036,42944
6,2037,39920
6,2038,37033
6,2039,34106
6,2040,31205
6,2041,29960
6,2042,28804
6,2043,27623
6,2044,26664
6,2045,25753
6,2046,25012
6,2047,24148
6,2048,23481
6,2049,22897
6,2050,22412
