1,2020,5733
1,2021,9849
1,2022,13897
1,2023,17975
1,2024,22133
1,2025,26234
1,2026,30293
1,2027,34384
1,2028,38477
1,2029,42552
1,2030,46568
1,2031,50649
1,2032,54758
1,2033,58736
1,2034,62641
1,2035,66664
1,2036,70601
1,2037,74527
1,2038,78383
1,2039,82188
1,2040,86159
1,2041,88404
1,2042,90700
1,2043,92913
1,2044,95012
1,2045,96979
1,2046,98983
1,2047,100906
1,2048,102631
1,2049,104293
1,2050,105885
2,2020,5793
2,2021,9958
2,2022,14126
2,2023,18289
2,2024,22405
2,2025,26497
2,2026,30512
2,2027,34460
2,2028,38609
2,2029,42543
2,2030,46588
2,2031,50516
2,2032,54504
2,2033,58568
2,2034,62551
2,2035,66464
2,2036,70407
2,2037,74240
2,2038,78211
2,2039,82104
2,2040,86023
2,2041,88260
2,2042,90396
2,2043,92647
2,2044,94793
2,2045,96826
2,2046,98767
2,2047,100670
2,2048,102484
2,2049,104213
2,2050,105846
3,2020,5721
3,2021,9681
3,2022,13671
3,2023,17849
3,2024,21929
3,2025,25980
3,2026,30059
3,2027,34270
3,2028,38290
3,2029,42297
3,2030,46283
3,2031,50445
3,2032,54391
3,2033,58370
3,2034,62409
3,2035,66219
3,2036,70143
3,2037,74063
3,2038,77979
3,2039,81942
3,2040,85832
3,2041,88182
3,2042,90512
3,2043,92715
3,2044,94670
3,2045,96646
3,2046,98669
3,2047,100636
3,2048,102547
3,2049,104358
3,2050,105979
4,2020,5827
4,2021,9971
4,2022,14087
4,2023,18204
4,2024,22140
4,2025,26272
4,2026,30339
4,2027,34421
4,2028,38525
4,2029,42408
4,2030,46363
4,2031,50493
4,2032,54484
4,2033,58454
4,2034,62442
4,2035,66450
4,2036,70351
4,2037,74253
4,2038,78248
4,2039,82199
4,2040,86098
4,2041,88365
4,2042,90675
4,2043,92817
4,2044,94907
4,2045,96957
4,2046,98828
4,2047,100684
4,2048,102537
4,2049,104166
4,2050,105792
5,2020,5721
5,2021,9681
5,2022,13671
5,2023,17849
5,2024,21929
5,2025,25980
5,2026,30059
5,2027,34270
5,2028,38290
5,2029,42297
5,2030,46283
5,2031,50445
5,2032,54391
5,2033,58370
5,2034,62409
5,2035,66219
5,2036,70143
5,2037,74063
5,2038,77979
5,2039,81942
5,2040,85832
5,2041,88182
5,2042,90512
5,2043,92715
5,2044,94670
5,2045,96646
5,2046,98669
5,2047,100636
5,2048,102547
5,2049,104358
5,2050,105979
6,2020,5847
6,2021,10055
6,2022,14131
6,2023,18131
6,2024,22183
6,2025,26269
6,2026,30337
6,2027,34430
6,2028,38527
6,2029,42595
6,2030,46564
6,2031,50687
6,2032,54755
6,2033,58703
6,2034,62683
6,2035,66636
6,2036,70661
6,2037,74562
6,2038,78547
6,2039,82406
6,2040,86221
6,2041,88272
6,2042,90565
6,2043,92759
6,2044,94919
6,2045,96911
6,2046,98773
6,2047,100579
6,2048,102361
6,2049,104155
6,2050,105981
