1,2020,606141
1,2021,596967
1,2022,588239
1,2023,579392
1,2024,570654
1,2025,562108
1,2026,553696
1,2027,545410
1,2028,537225
1,2029,529299
1,2030,521415
1,2031,513595
1,2032,505840
1,2033,498214
1,2034,490806
1,2035,483381
1,2036,476241
1,2037,469258
1,2038,462308
1,2039,455465
1,2040,448700
1,2041,441922
1,2042,435280
1,2043,428819
1,2044,422286
1,2045,416114
1,2046,409916
1,2047,403889
1,2048,397839
1,2049,391941
1,2050,386101
2,2020,606949
2,2021,597860
2,2022,588814
2,2023,579912
2,2024,571250
2,2025,562801
2,2026,554390
2,2027,546274
2,2028,538064
2,2029,530067
2,2030,522367
2,2031,514634
2,2032,506996
2,2033,499247
2,2034,491796
2,2035,484522
2,2036,477208
2,2037,470127
2,2038,462995
2,2039,456076
2,2040,449302
2,2041,442492
2,2042,435971
2,2043,429319
2,2044,422847
2,2045,416538
2,2046,410276
2,2047,404025
2,2048,397829
2,2049,391974
2,2050,386145
3,2020,605403
3,2021,596519
3,2022,587696
3,2023,578905
3,2024,570216
3,2025,561683
3,2026,553282
3,2027,544954
3,2028,536953
3,2029,529018
3,2030,521178
3,2031,513447
3,2032,505840
3,2033,498307
3,2034,490933
3,2035,483696
3,2036,476569
3,2037,469551
3,2038,462539
3,2039,455592
3,2040,448922
3,2041,442160
3,2042,435498
3,2043,428879
3,2044,422599
3,2045,416259
3,2046,409990
3,2047,403847
3,2048,397933
3,2049,392112
3,2050,386214
4,2020,605786
4,2021,596709
4,2022,587777
4,2023,578992
4,2024,570344
4,2025,561814
4,2026,553427
4,2027,545273
4,2028,537054
4,2029,529040
4,2030,521253
4,2031,513384
4,2032,505769
4,2033,498328
4,2034,490825
4,2035,483621
4,2036,476470
4,2037,469463
4,2038,462504
4,2039,455582
4,2040,448672
4,2041,441886
4,2042,435167
4,2043,428782
4,2044,422369
4,2045,416113
4,2046,410026
4,2047,403925
4,2048,397761
4,2049,391836
4,2050,386118
5,2020,605403
5,2021,596519
5,2022,587696
5,2023,578905
5,2024,570216
5,2025,561683
5,2026,553282
5,2027,544954
5,2028,536953
5,2029,529018
5,2030,521178
5,2031,513447
5,2032,505840
5,2033,498307
5,2034,490933
5,2035,483696
5,2036,476569
5,2037,469551
5,2038,462539
5,2039,455592
5,2040,448922
5,2041,442160
5,2042,435498
5,2043,428879
5,2044,422599
5,2045,416259
5,2046,409990
5,2047,403847
5,2048,397933
5,2049,392112
5,2050,386214
6,2020,605859
6,2021,596820
6,2022,587794
6,2023,579156
6,2024,570602
6,2025,562088
6,2026,553741
6,2027,545465
6,2028,537384
6,2029,529255
6,2030,521330
6,2031,513481
6,2032,505864
6,2033,498381
6,2034,491010
6,2035,483718
6,2036,476507
6,2037,469410
6,2038,462325
6,2039,455488
6,2040,448618
6,2041,441933
6,2042,435289
6,2043,428857
6,2044,422441
6,2045,416102
6,2046,410052
6,2047,403896
6,2048,397862
6,2049,391961
6,2050,386017
